128
128
21 21 21 21 21 21 23 23 21 21 21 21 21 21 21 21 21 21 21 21 21 21 24 24 21 21 21 21 21 21 21 21 21 21 21 21 21 21 21 21 21 21 21 21 21 21 21 21 21 21 21 21 21 21 21 21 21 21 21 21 21 23 23 23 23 23 23 23 23 23 23 23 23 23 23 23 23 23 23 23 23 23 23 23 23 23 23 23 23 23 23 23 23 23 23 23 23 23 23 23 23 23 23 23 23 23 23 23 23 23 23 23 23 23 23 23 23 23 23 23 23 23 23 23 23 23 23 23 
21 21 24 21 21 23 23 23 23 23 23 23 21 21 21 21 21 21 21 21 21 21 24 24 21 24 24 24 24 24 21 21 21 21 21 21 21 21 21 21 21 21 21 21 21 21 21 21 21 23 23 23 21 21 21 21 21 21 21 21 21 23 23 23 23 23 23 23 23 23 23 23 23 23 23 23 23 23 23 23 23 23 23 23 23 23 23 23 23 23 23 23 23 23 23 23 23 23 23 23 23 23 23 23 23 23 23 23 23 23 23 23 23 23 23 23 23 23 23 23 23 23 23 23 23 23 23 23 
21 21 21 21 23 23 21 21 23 23 23 23 21 21 21 21 21 21 21 21 21 21 21 21 21 21 21 21 21 21 21 21 21 21 21 21 21 21 21 21 21 21 21 21 24 21 21 21 23 23 23 23 23 23 23 23 23 23 21 21 21 23 23 23 23 23 23 23 23 23 23 23 23 23 23 23 23 23 23 23 23 23 23 23 23 23 23 23 23 23 23 23 23 23 23 23 23 23 23 23 23 23 23 23 23 23 23 23 23 23 23 23 23 23 23 23 23 23 23 23 23 23 23 23 23 23 23 23 
21 21 21 23 23 21 21 21 23 23 23 23 23 23 23 23 23 23 23 23 23 21 23 23 23 23 23 21 21 21 21 21 21 21 21 23 23 21 21 21 21 21 21 24 24 21 21 23 23 23 23 0 0 0 0 23 23 23 21 21 23 23 23 23 23 23 23 23 23 23 23 23 23 23 23 23 23 23 23 23 23 23 23 23 23 23 23 23 23 23 23 23 23 23 23 23 23 23 23 23 0 0 23 23 23 23 23 23 23 23 23 23 23 23 23 23 23 23 23 23 23 23 23 23 23 23 23 23 
21 21 24 24 24 21 21 21 23 23 23 21 21 0 0 0 0 21 21 23 23 21 21 21 21 21 23 23 21 21 21 21 23 23 23 23 23 21 21 21 21 24 24 24 23 23 23 23 23 0 0 0 0 0 0 0 0 23 23 23 23 23 23 23 23 23 23 23 23 23 23 23 23 23 23 23 23 23 23 23 23 23 23 23 23 23 23 23 23 23 23 23 23 23 23 23 0 0 0 0 0 0 0 23 23 23 23 23 23 23 23 23 23 23 23 23 23 23 23 23 23 23 23 23 23 23 23 23 
21 24 24 23 23 21 21 23 23 23 0 0 0 0 0 0 0 0 0 0 0 23 23 23 23 0 0 0 0 23 23 23 23 23 23 23 23 23 21 21 21 24 24 24 23 23 23 23 23 0 0 0 0 0 0 0 0 0 0 23 23 23 23 23 23 23 23 23 23 23 23 23 23 23 23 23 23 23 23 23 23 23 23 23 23 23 23 23 23 23 23 23 23 23 0 0 0 0 0 0 0 0 0 0 23 23 23 23 23 23 23 23 23 23 23 23 23 23 23 23 23 23 23 23 23 23 23 23 
24 24 23 23 23 21 21 23 23 0 0 0 0 0 0 0 0 0 0 0 0 0 0 0 0 0 21 21 0 0 0 0 0 0 0 23 23 23 24 23 23 23 23 23 23 0 0 0 0 0 0 0 21 0 0 0 0 0 0 0 0 0 0 23 23 23 23 23 23 23 0 0 23 23 23 23 23 23 23 23 23 23 23 23 23 23 23 23 23 0 0 0 0 0 0 0 23 23 23 0 0 0 0 0 23 23 23 23 23 23 23 23 0 23 23 23 23 23 23 23 23 23 23 23 23 23 23 23 
24 24 21 23 21 21 21 23 0 0 0 0 0 0 0 0 0 0 0 0 0 0 0 0 21 21 21 21 0 0 0 0 0 0 0 0 0 23 23 23 23 23 23 0 0 0 0 0 0 0 0 21 21 21 0 0 0 0 0 0 0 0 0 0 0 23 23 23 0 0 0 0 0 23 23 23 23 23 23 23 23 0 23 23 23 23 23 23 0 0 0 0 0 0 0 23 23 23 23 23 0 0 0 0 0 0 23 23 23 23 23 0 0 0 0 0 0 23 23 23 23 23 23 23 23 23 23 23 
21 21 24 24 21 21 21 23 23 0 0 0 0 0 0 0 0 0 0 0 0 0 21 21 21 21 0 0 0 0 0 0 0 0 0 0 0 0 0 0 0 0 0 0 0 0 0 0 0 0 0 0 0 0 0 0 21 0 0 0 0 0 0 0 0 0 23 0 0 0 0 0 0 0 0 23 23 23 23 23 0 0 0 0 23 23 23 0 0 0 0 0 0 23 23 23 23 23 23 23 23 23 23 0 0 0 0 0 0 0 0 0 0 0 0 0 0 0 23 23 23 23 23 23 23 23 23 23 
21 21 21 24 24 21 21 21 21 0 0 0 0 21 21 21 21 21 0 21 21 21 21 21 21 21 0 0 0 0 0 0 0 0 0 0 0 0 0 0 0 0 0 0 0 0 0 0 0 0 0 0 0 0 0 0 21 23 0 0 0 0 23 23 23 0 0 0 0 0 23 23 0 0 0 0 23 23 23 0 0 0 0 0 0 23 23 0 0 0 0 0 23 23 23 23 23 23 0 23 23 23 23 23 23 0 0 0 0 0 0 0 0 0 0 0 0 0 0 23 23 23 23 23 23 23 23 23 
21 21 21 23 21 21 21 21 21 21 0 0 0 0 0 21 21 21 21 21 21 21 21 0 0 0 0 0 0 0 0 0 0 0 0 23 23 23 0 0 0 0 0 0 0 0 0 0 0 23 0 0 0 0 23 23 21 21 0 0 0 23 23 23 23 23 0 0 0 23 23 23 23 0 0 0 0 0 0 0 0 0 0 0 0 0 23 23 0 0 0 0 0 0 0 0 0 0 0 0 0 23 23 23 23 23 23 0 0 23 23 0 0 0 0 0 0 0 0 0 23 23 23 23 23 23 23 23 
21 21 21 23 21 21 21 21 21 21 0 0 0 0 0 0 0 21 21 21 0 0 0 0 0 0 0 0 0 0 0 21 21 23 23 23 23 0 0 0 0 0 0 0 0 0 23 23 23 23 0 0 0 23 23 21 21 21 21 0 0 0 0 0 23 23 23 23 23 21 23 23 23 23 23 0 0 0 0 0 0 0 0 0 0 0 0 0 0 0 0 0 0 0 0 0 0 0 0 0 0 0 0 0 0 0 0 0 0 0 0 0 0 0 0 0 0 0 0 0 23 23 23 23 23 23 23 23 
21 21 21 23 21 21 21 23 21 21 21 0 0 0 0 0 0 0 0 0 0 0 0 0 0 0 0 0 21 21 21 23 23 23 23 23 0 0 23 23 0 0 0 23 23 0 0 0 21 23 23 21 21 21 23 21 21 21 0 0 0 0 0 0 0 23 21 21 21 21 23 23 23 0 0 0 0 0 0 0 0 0 0 0 0 0 0 0 0 0 23 23 0 23 0 0 0 0 0 0 0 0 0 0 0 0 0 0 0 0 0 0 0 23 0 0 0 0 0 23 23 23 23 23 23 23 23 23 
21 21 21 21 21 21 21 23 23 21 21 21 0 0 0 0 0 0 0 0 0 21 21 21 21 21 21 23 23 23 23 23 23 0 0 0 0 0 0 23 21 21 21 23 0 0 0 0 0 21 21 21 21 23 23 21 0 0 0 23 23 23 0 0 0 23 21 23 23 23 0 0 0 0 0 0 0 0 0 0 23 23 23 23 23 23 23 0 0 0 0 23 23 23 23 23 23 23 0 0 0 23 23 23 23 23 0 0 0 0 0 0 23 23 23 0 0 23 23 23 23 23 23 23 23 23 23 23 
21 21 24 21 21 21 21 23 23 21 21 21 21 0 0 21 21 21 0 0 0 0 0 0 0 0 0 0 0 0 0 0 0 0 0 0 0 23 0 0 23 21 23 0 0 23 0 0 0 0 0 0 21 21 21 0 0 0 0 0 0 0 0 0 0 23 21 23 23 0 0 0 0 0 0 0 0 0 23 23 23 23 23 23 23 0 0 0 0 0 0 0 23 23 23 23 23 23 23 23 23 23 23 23 23 0 0 0 0 0 0 23 23 23 23 23 23 23 23 23 23 23 23 23 23 23 23 23 
21 24 24 21 21 21 21 23 23 21 21 23 21 21 0 0 21 21 21 0 0 0 0 0 0 0 0 0 0 0 0 0 0 0 0 23 0 0 0 0 0 23 0 0 0 0 0 23 0 0 0 0 0 0 0 0 0 0 0 0 0 0 0 0 23 23 21 21 0 0 0 0 0 0 0 0 23 23 23 23 23 23 23 0 0 0 0 0 0 0 0 0 0 0 23 23 23 23 23 23 23 23 23 23 0 0 0 0 0 0 23 23 23 23 23 23 23 23 23 0 0 0 23 23 23 23 23 23 
21 24 24 21 21 21 23 23 23 21 23 21 21 21 0 0 0 21 21 21 21 21 0 0 0 0 0 0 0 0 0 0 0 0 0 0 0 0 0 0 0 0 0 0 0 0 0 0 0 0 0 0 0 0 0 0 0 23 23 23 23 23 23 23 23 23 21 21 0 0 0 23 23 23 23 23 23 23 23 23 23 0 0 0 0 0 0 0 0 0 0 0 0 0 0 0 0 23 23 23 23 23 23 0 0 0 0 0 23 23 23 23 23 23 23 23 23 23 0 0 0 0 0 0 23 23 23 23 
21 21 21 21 21 23 23 23 21 21 21 21 21 21 21 0 0 0 21 21 21 23 21 21 21 0 0 0 0 0 0 0 0 0 0 0 23 0 0 0 0 0 0 0 0 0 23 0 0 0 0 0 0 23 23 0 0 0 0 0 23 23 23 23 23 21 21 0 0 0 23 23 23 23 23 23 23 23 0 0 0 0 0 0 0 0 0 0 0 0 0 0 0 0 0 0 0 0 0 0 0 0 0 0 0 0 0 23 23 23 23 23 23 23 0 0 0 0 0 0 0 0 0 0 0 23 23 23 
21 21 21 21 23 21 21 21 21 21 21 21 21 21 0 0 0 0 0 0 21 23 23 23 21 21 21 0 0 0 0 0 0 0 23 23 23 23 0 0 0 0 0 0 0 23 23 23 23 0 0 0 0 0 21 21 0 0 0 0 21 21 21 21 21 21 0 0 0 0 0 0 23 23 23 23 0 0 0 0 0 0 0 0 0 0 23 0 0 23 23 23 0 0 0 0 0 0 0 0 0 0 0 0 0 23 23 23 23 23 23 23 23 0 0 0 0 0 0 0 0 0 0 0 0 0 23 23 
21 21 21 21 21 21 21 21 21 21 21 0 0 0 0 3 22 22 4 0 0 21 21 21 21 21 0 0 0 0 0 0 23 23 23 23 23 23 23 23 0 0 0 23 23 23 23 23 23 23 23 0 0 0 21 23 21 0 0 0 0 0 21 21 21 0 0 0 0 0 0 0 0 0 0 0 0 0 0 0 0 0 0 0 0 23 23 0 23 23 23 0 0 0 0 0 0 0 0 0 0 0 23 23 23 23 23 23 23 23 23 23 0 0 0 0 0 0 0 0 0 0 0 0 0 0 23 23 
21 21 21 23 21 21 21 21 0 0 0 0 0 0 0 0 23 23 23 0 0 0 21 21 21 0 0 0 0 0 0 23 23 23 23 23 23 23 23 23 23 0 23 23 23 23 23 23 23 23 23 23 0 0 0 21 21 21 0 0 0 0 0 0 21 0 0 0 0 0 0 0 0 0 0 0 0 0 23 23 23 0 0 0 0 23 23 23 23 23 0 0 0 0 23 0 0 0 0 23 23 23 23 23 23 23 23 23 23 0 0 0 0 0 0 0 0 0 0 0 0 0 0 0 0 23 23 23 
21 21 23 23 21 21 21 0 0 0 0 0 0 0 0 23 23 10 10 23 0 0 0 0 0 0 0 0 0 0 23 23 23 23 23 23 23 23 23 23 23 0 23 23 23 23 23 23 23 23 23 23 23 0 0 0 21 23 23 0 0 0 0 0 0 0 0 0 0 0 0 0 0 0 0 23 23 23 23 23 23 23 23 23 23 23 23 23 23 0 0 0 0 23 23 23 0 0 0 0 23 23 23 23 23 23 23 0 0 0 0 0 0 0 0 0 0 0 0 0 0 0 0 0 0 23 23 23 
21 23 23 21 21 21 21 0 0 0 0 0 0 0 0 0 23 23 10 10 23 0 0 0 0 0 0 0 0 23 23 0 0 0 0 23 23 23 23 23 23 0 23 23 23 23 23 23 0 0 0 0 23 23 0 0 0 0 0 0 0 0 0 0 0 0 0 0 0 0 0 23 23 23 23 23 21 21 23 23 23 23 23 23 23 23 23 23 0 0 0 0 0 0 23 23 23 23 0 0 0 0 0 0 0 0 0 0 0 0 0 0 0 0 0 0 0 0 0 0 0 0 0 0 0 0 23 23 
21 23 21 21 21 21 21 3 22 22 4 3 22 22 4 0 0 0 23 10 10 23 23 23 23 0 0 0 0 0 0 0 0 0 0 0 23 23 23 23 23 0 23 23 23 23 23 0 0 0 0 0 0 0 0 0 0 0 23 23 23 23 0 0 0 0 23 23 23 23 23 23 21 21 23 23 21 23 23 21 21 21 21 23 21 23 23 23 0 0 0 23 0 0 0 0 23 23 23 0 0 0 0 0 0 0 0 0 0 0 0 0 0 0 0 0 0 0 0 23 23 23 0 0 0 0 23 23 
23 23 23 21 21 21 21 0 23 27 22 4 23 27 22 22 4 0 0 23 10 0 0 0 0 0 0 0 0 0 0 0 23 23 0 0 0 23 23 23 23 0 23 23 23 23 0 0 0 23 23 0 0 0 0 0 0 0 0 23 23 23 23 0 0 0 0 0 23 23 23 23 23 21 23 23 23 21 24 24 23 23 23 23 21 23 23 23 0 0 0 23 23 0 0 0 0 0 23 23 0 0 0 0 0 0 0 0 0 0 0 0 23 23 0 0 0 0 0 0 23 23 23 0 0 0 0 23 
23 21 23 21 21 21 21 0 0 23 27 22 28 23 23 27 22 22 4 0 10 0 0 0 0 0 0 21 0 0 0 23 21 21 23 0 0 23 23 23 23 0 23 23 23 23 0 0 23 21 21 23 0 0 0 21 0 0 0 0 0 0 23 23 0 0 0 0 0 23 23 23 23 21 23 23 23 23 24 23 24 23 23 23 21 23 23 23 23 0 0 23 23 23 23 0 0 0 0 0 0 0 0 0 0 0 0 0 0 0 0 0 0 23 23 23 23 23 0 0 23 23 23 0 0 0 0 23 
23 21 23 21 21 21 21 0 0 23 23 23 23 23 23 23 23 23 0 0 10 0 0 0 0 0 21 21 21 0 0 23 21 21 23 0 0 23 23 23 0 0 0 23 23 23 0 0 23 21 21 23 0 0 21 21 21 0 0 0 0 0 0 0 0 0 23 0 0 0 0 0 0 23 23 23 23 23 23 23 24 23 23 21 21 23 23 23 0 0 0 23 23 23 23 23 23 23 23 23 23 23 23 23 0 0 0 0 0 0 0 0 0 0 23 23 23 23 23 0 0 23 23 23 0 0 23 23 
23 21 21 21 21 21 21 0 0 0 23 23 23 23 23 23 23 0 0 0 10 0 0 0 0 0 0 0 0 0 0 0 23 23 0 0 0 23 23 23 0 0 0 23 23 23 0 0 0 23 23 0 0 0 0 0 0 0 0 0 0 0 0 0 0 23 23 0 0 0 0 0 0 0 23 23 23 24 24 24 21 23 23 23 23 23 23 0 0 0 23 23 23 23 23 23 23 23 23 23 23 23 23 23 23 23 23 23 23 0 0 0 0 0 0 23 23 23 23 0 0 0 23 23 23 23 23 23 
23 21 21 21 21 21 21 22 22 0 23 23 23 23 23 0 0 0 0 0 10 0 0 23 23 23 23 23 23 23 0 0 0 0 0 0 23 23 23 0 0 0 0 0 23 23 23 0 0 0 0 0 0 23 23 23 23 23 23 23 23 0 0 0 0 23 23 23 23 0 0 0 0 23 23 24 24 24 21 21 23 23 23 23 23 0 0 0 0 0 23 23 23 23 0 0 0 0 0 0 0 0 0 0 0 0 0 0 0 0 0 0 0 23 23 23 23 23 23 23 0 23 23 23 23 23 23 23 
23 23 23 21 21 21 21 21 21 0 0 23 23 23 0 0 0 0 0 0 10 0 0 0 0 0 23 23 23 23 23 0 0 0 0 23 23 23 0 0 0 0 0 0 0 23 23 23 0 0 0 0 23 23 23 23 23 23 0 0 0 0 0 23 23 23 23 23 23 23 23 23 23 23 24 23 23 21 23 23 23 23 23 23 0 0 0 0 0 23 23 23 23 0 0 0 0 0 0 0 0 0 0 0 0 0 0 0 0 0 0 0 23 23 23 23 23 23 23 23 23 23 23 23 23 23 23 23 
23 23 21 21 23 21 21 21 21 22 0 0 23 23 0 0 0 0 0 10 10 10 0 0 0 0 0 0 23 23 23 23 23 23 23 23 23 23 0 0 23 0 23 0 0 23 23 23 23 23 23 23 23 23 23 23 0 0 0 0 0 23 23 23 23 23 21 23 23 23 24 23 23 23 24 23 23 23 23 23 23 23 0 0 0 0 0 0 23 23 23 23 23 0 0 0 0 0 0 0 0 23 23 23 23 23 23 23 23 23 23 23 23 23 23 23 23 23 23 23 23 23 23 23 23 23 23 23 
23 21 21 21 21 21 21 21 21 21 22 0 0 0 0 0 0 0 0 10 23 10 0 0 0 0 0 0 0 0 0 0 0 0 23 23 23 0 0 0 23 0 23 0 0 0 23 23 23 0 0 0 0 0 0 0 0 0 0 23 23 0 23 23 23 21 21 21 23 23 23 23 23 23 23 23 23 23 23 0 0 0 0 0 0 0 0 0 23 23 23 23 23 23 0 0 0 0 0 23 23 23 23 23 23 23 23 23 23 23 23 23 23 23 23 23 23 23 23 23 23 23 23 23 23 23 23 23 
23 21 21 21 21 21 23 21 21 21 7 0 0 0 0 3 22 22 4 10 0 10 0 0 0 0 0 0 0 0 0 0 0 0 0 23 23 0 0 0 23 0 23 0 0 0 23 23 0 0 0 0 0 0 0 0 0 0 0 0 0 0 23 23 23 23 23 23 23 23 23 23 23 23 23 0 0 0 0 0 0 0 0 0 0 23 23 0 23 23 23 23 23 23 23 0 0 0 0 0 0 0 0 0 0 0 0 0 0 0 0 0 0 0 0 0 0 23 23 23 23 23 23 23 23 23 23 23 
21 21 21 21 21 23 23 21 21 21 7 0 0 0 0 0 0 0 0 10 0 10 0 0 0 0 0 0 0 0 0 0 0 0 0 0 0 0 0 0 0 0 0 0 0 0 0 0 0 0 0 0 0 0 0 0 0 0 0 0 0 0 0 0 0 0 0 0 0 0 0 0 0 0 0 0 0 0 0 0 0 0 0 0 23 23 0 0 23 23 23 23 23 23 23 23 0 0 0 0 0 0 0 0 0 0 0 0 0 0 0 0 0 0 0 0 0 0 23 23 23 23 23 23 23 23 23 23 
21 21 21 21 21 23 23 21 21 25 22 22 22 22 4 0 0 0 0 10 0 10 0 0 0 0 0 0 0 0 0 0 0 0 0 0 0 0 0 0 0 0 0 0 0 0 0 0 0 0 0 0 0 0 0 0 0 0 0 0 0 0 0 0 0 0 0 0 0 0 0 0 0 0 0 0 0 0 0 0 0 0 0 0 0 0 0 0 0 23 23 23 23 23 23 24 23 23 24 23 23 23 23 23 23 23 23 23 23 23 23 23 23 23 0 0 0 0 23 23 23 24 24 23 23 23 23 23 
21 21 21 21 23 23 21 21 21 21 21 21 21 0 0 0 0 0 10 10 0 10 10 0 0 0 0 0 0 0 0 0 0 0 0 0 0 0 0 0 0 0 0 0 3 22 22 22 22 22 22 22 22 22 4 0 0 0 0 0 0 0 0 0 0 0 0 0 0 0 0 0 3 22 22 22 24 24 24 22 22 22 23 23 23 0 0 0 0 0 0 23 23 23 23 24 10 10 24 24 23 23 23 23 23 23 23 0 0 0 0 0 0 0 0 0 0 0 23 23 23 24 24 24 23 23 23 23 
21 23 21 23 23 21 21 21 21 0 0 0 0 0 0 0 0 0 10 23 23 23 10 0 0 0 0 0 0 0 0 0 0 0 0 0 0 0 0 3 22 22 22 22 22 21 21 21 23 21 21 0 0 0 0 0 0 0 0 0 0 0 0 0 0 0 0 0 0 0 0 3 22 21 21 21 21 21 23 23 23 21 23 24 23 23 0 0 0 0 0 0 0 23 23 24 24 10 23 23 23 0 0 23 23 23 23 23 0 0 0 0 0 0 0 0 0 23 23 23 24 24 10 21 23 23 23 23 
21 23 23 23 23 21 21 0 0 0 0 0 0 0 0 0 0 0 10 0 23 0 10 0 0 0 0 0 0 0 0 0 0 0 0 0 3 22 22 22 21 21 21 21 21 21 23 23 23 0 0 0 0 0 0 0 0 0 0 0 0 0 0 0 0 0 0 0 0 0 0 0 21 21 21 21 21 21 21 21 23 23 21 23 23 21 23 23 23 0 0 0 0 0 23 23 23 10 0 0 0 0 0 0 0 0 0 0 0 0 0 0 0 0 0 0 23 23 23 23 24 23 10 21 21 23 23 23 
21 21 23 21 21 23 21 0 0 0 0 0 0 0 0 0 0 0 10 0 0 0 10 0 0 0 0 0 0 0 0 0 0 0 3 22 22 21 21 21 23 23 23 23 0 0 0 23 0 0 0 0 0 0 0 0 0 0 0 0 0 0 0 0 0 0 3 22 22 22 4 0 21 21 21 21 21 21 21 21 21 23 23 23 23 21 21 21 21 23 0 0 0 0 0 0 0 10 0 0 0 0 0 0 0 0 0 0 0 0 0 0 0 0 23 23 23 23 23 23 23 23 10 21 21 21 23 23 
21 21 21 21 21 21 25 22 4 0 0 0 0 0 0 0 0 0 10 0 0 0 10 0 0 0 0 0 0 0 0 0 0 0 0 0 0 0 0 0 0 23 23 0 0 0 0 23 0 0 0 0 0 0 0 0 23 23 23 0 0 0 0 0 3 22 22 21 21 0 0 0 0 0 21 21 21 21 21 21 21 21 21 23 23 21 21 21 21 21 0 0 0 0 0 0 0 10 0 0 0 0 0 23 23 23 23 23 23 23 23 23 23 23 23 23 23 23 23 23 23 0 10 21 21 21 23 23 
21 21 21 21 21 21 21 25 22 22 22 9 9 9 9 9 9 9 10 9 9 9 10 9 9 9 9 9 9 22 22 22 22 22 4 0 0 0 0 0 0 23 0 0 0 0 0 0 0 0 0 0 0 0 23 23 23 23 23 23 23 0 0 3 22 21 21 21 21 0 0 23 0 0 0 0 21 21 21 21 21 21 21 21 21 21 21 21 21 21 21 0 0 0 0 0 0 10 0 0 3 22 22 23 23 23 23 23 23 23 23 23 23 23 23 23 23 23 23 0 0 0 10 10 21 21 23 23 
21 21 21 21 21 21 21 21 21 21 21 21 10 10 10 10 10 10 10 10 10 10 10 10 10 10 10 10 21 21 21 21 21 0 0 3 22 4 0 0 0 0 0 0 0 0 0 0 0 0 0 23 23 23 23 23 23 23 23 23 0 0 0 0 21 21 21 21 21 0 0 0 0 0 0 0 0 0 0 21 21 21 21 21 21 21 21 21 21 21 0 3 22 22 22 4 0 10 0 0 21 21 21 21 21 21 21 21 23 23 23 23 0 0 23 0 0 0 0 0 0 10 10 10 24 24 23 23 
21 21 21 21 21 21 21 21 21 21 21 21 10 10 10 10 10 10 10 10 10 10 10 10 10 10 10 10 21 21 21 21 21 0 0 22 26 22 0 0 0 0 0 0 0 0 0 0 0 0 23 23 23 23 23 23 23 23 23 23 0 0 3 22 21 21 21 21 21 21 0 0 0 0 0 0 0 0 0 0 0 21 21 21 21 21 21 21 21 0 0 0 0 21 21 0 0 10 0 0 21 21 21 21 21 0 0 0 0 0 23 0 0 0 23 9 9 9 9 9 9 10 23 24 24 23 23 23 
21 21 21 21 21 21 21 21 21 21 21 21 21 10 10 10 10 10 10 10 10 10 10 10 10 10 10 21 21 21 21 21 0 0 0 21 23 23 21 21 0 0 0 0 0 0 0 23 23 23 23 23 23 23 23 23 23 23 23 0 0 0 0 21 21 21 21 21 21 21 21 0 0 0 0 0 0 0 0 0 0 0 0 0 21 21 21 21 0 0 0 0 0 0 0 0 0 10 0 0 0 21 21 21 21 0 0 0 0 0 23 0 0 0 23 23 10 10 10 10 23 24 24 24 23 23 23 23 
21 21 23 21 21 23 23 21 21 23 21 21 21 21 10 10 10 10 10 10 10 10 10 10 10 10 10 21 21 21 21 0 0 0 0 0 21 23 23 21 21 0 0 0 0 0 0 0 0 0 0 0 0 23 23 23 23 23 23 0 0 0 0 0 21 21 21 21 21 21 21 23 23 23 0 0 0 0 0 0 0 0 0 0 0 0 0 0 0 0 0 0 0 0 0 0 0 10 0 0 0 0 21 21 0 0 0 0 0 0 0 0 0 0 0 21 23 24 24 10 23 24 23 23 23 23 23 23 
21 21 23 21 21 21 23 21 21 23 21 21 21 21 21 10 10 10 10 10 10 10 10 10 10 21 21 21 21 21 21 0 0 0 0 0 0 21 21 21 21 23 23 23 0 0 0 0 0 0 0 0 0 0 0 0 23 23 0 0 0 0 0 0 0 21 21 21 21 21 21 21 21 21 21 21 0 0 0 0 0 0 0 0 0 0 0 0 0 0 0 0 0 0 0 0 0 10 0 0 0 0 0 0 0 0 0 0 0 0 0 0 0 0 0 6 21 21 21 10 21 21 21 21 23 23 23 23 
21 21 23 21 21 21 23 23 21 23 21 21 21 21 21 21 21 10 10 10 10 10 10 21 21 21 21 23 21 21 21 0 0 23 23 23 0 0 0 21 0 0 23 0 0 0 0 0 0 23 23 0 0 0 0 0 0 0 0 0 0 0 0 0 0 0 0 21 21 21 21 21 21 21 21 21 21 21 0 0 0 0 0 0 0 0 0 0 3 22 22 22 4 0 0 0 0 10 0 0 0 0 0 0 0 0 0 0 0 0 0 0 0 0 0 6 21 21 10 10 23 23 23 23 23 23 23 23 
21 21 23 21 21 21 21 23 21 23 21 21 21 21 21 21 21 21 21 21 21 21 21 21 21 23 23 23 21 21 0 0 0 0 23 23 23 23 0 0 0 0 0 0 0 0 0 0 23 23 23 23 0 0 0 0 0 0 0 0 0 0 0 0 0 0 0 0 0 21 21 21 21 21 0 0 0 0 0 0 0 0 0 25 22 22 22 22 22 21 21 21 22 22 4 0 0 10 0 3 22 22 22 4 0 0 0 3 22 22 22 22 22 22 22 22 21 21 10 23 23 23 23 23 23 23 23 23 
21 21 23 21 21 21 21 23 23 23 21 21 21 21 21 21 21 21 21 21 21 21 21 21 21 21 21 21 21 21 0 0 0 21 21 23 23 23 23 23 0 0 0 0 0 0 0 23 23 23 23 23 23 23 23 0 0 0 0 0 0 0 0 0 0 0 0 0 0 0 0 0 0 0 0 0 0 0 0 0 0 23 27 21 21 21 21 21 21 21 21 21 21 21 22 4 0 10 0 0 21 21 21 22 22 22 22 22 21 21 21 21 21 21 21 21 21 21 10 23 21 23 23 23 23 23 23 23 
21 21 23 23 21 21 21 23 23 23 23 21 21 21 21 21 21 23 23 21 21 21 21 21 21 21 21 21 21 0 0 0 0 0 21 21 21 23 23 0 0 0 0 0 23 23 23 23 23 23 23 23 23 23 0 0 0 0 23 23 23 23 23 0 0 0 0 0 0 0 0 0 0 0 0 0 0 0 0 21 21 21 21 21 21 21 21 21 21 21 23 23 21 21 23 0 0 10 0 0 0 21 21 21 21 21 21 21 21 21 21 21 21 21 21 21 21 0 10 23 21 23 21 21 23 23 23 23 
21 21 21 23 21 21 21 23 23 23 23 21 21 21 21 21 23 23 21 21 23 23 23 21 21 21 21 21 0 0 0 0 0 0 0 21 21 0 0 0 0 0 0 23 23 23 23 23 23 23 23 23 23 0 0 0 0 0 0 0 23 23 23 23 23 0 0 0 0 0 0 0 0 0 0 0 0 0 21 21 21 21 21 21 21 21 21 21 23 23 21 23 21 23 23 0 0 10 0 0 0 0 21 21 21 21 21 21 0 21 21 21 21 21 21 21 0 0 10 23 21 21 21 21 21 23 23 23 
21 21 21 21 21 21 21 23 23 21 23 21 21 21 21 21 21 21 21 21 21 21 21 21 21 21 21 0 0 0 0 0 0 0 0 0 0 0 0 0 0 23 23 23 0 0 0 0 23 23 23 23 23 23 23 23 0 0 0 0 0 0 23 23 23 23 23 0 0 0 0 0 0 0 0 0 0 0 21 23 23 21 21 21 21 21 21 21 21 21 21 21 23 23 23 0 0 10 0 0 0 0 0 21 21 21 21 0 0 0 0 21 21 21 0 0 0 0 10 0 21 23 21 21 21 21 21 23 
21 21 21 21 21 21 23 23 23 23 21 21 21 21 21 21 21 23 21 21 21 21 21 21 21 21 0 0 0 0 0 0 0 0 0 0 0 0 0 0 23 23 23 0 0 0 0 0 0 0 23 23 23 23 23 0 0 0 0 0 0 0 0 0 23 23 23 23 0 0 0 0 0 0 0 0 0 23 23 23 23 21 21 21 21 21 21 21 21 23 21 23 23 21 21 0 0 10 0 0 0 0 0 0 0 21 21 0 0 0 0 0 0 0 0 0 0 0 10 0 0 23 21 21 21 21 21 21 
21 21 21 21 21 21 23 21 21 23 21 21 21 21 21 21 23 21 21 21 21 21 21 21 21 0 0 0 0 0 0 0 0 0 0 0 0 0 0 23 23 21 21 0 0 0 0 0 0 0 0 0 23 23 0 0 0 0 0 0 0 0 0 0 0 0 0 0 0 0 0 0 0 0 0 0 23 23 23 23 23 23 23 21 21 23 21 21 23 23 21 21 21 0 0 0 0 10 0 0 0 0 0 0 0 0 0 0 0 0 0 0 0 0 0 0 0 10 10 0 0 23 21 21 21 21 21 21 
21 21 21 21 23 23 21 21 23 23 21 21 21 21 21 23 23 0 0 23 23 23 23 0 0 0 0 0 0 0 23 23 23 0 0 0 0 0 23 23 23 21 0 0 0 0 0 0 0 0 0 0 0 23 0 0 0 0 0 0 0 0 0 0 0 0 0 0 0 3 22 22 4 0 0 0 0 0 0 0 0 21 21 21 23 23 23 23 23 23 21 21 0 0 0 0 0 10 0 0 0 0 0 0 0 0 0 0 0 0 0 0 0 0 0 0 0 10 10 0 23 21 21 21 21 21 21 21 
21 21 21 23 23 21 21 23 23 23 21 21 21 23 23 23 0 0 0 23 0 0 0 0 0 0 0 0 0 23 23 23 0 0 0 0 0 23 23 21 21 0 0 0 0 0 23 23 23 0 0 0 0 0 0 0 0 0 0 23 23 23 27 22 22 22 22 22 22 22 21 21 22 22 22 4 0 0 0 0 0 0 0 0 23 23 0 23 23 23 0 0 0 0 0 0 0 10 0 3 22 22 22 22 22 22 4 0 0 0 0 0 0 0 0 0 10 10 10 23 23 21 21 21 21 21 21 21 
23 23 21 21 21 21 23 24 23 21 21 23 23 23 23 0 0 0 0 0 0 0 0 0 23 0 0 23 23 23 23 0 0 0 0 0 23 23 21 21 21 21 0 0 0 0 0 23 23 23 23 23 0 0 0 0 0 0 23 23 23 21 21 21 21 21 21 21 23 21 21 23 21 21 21 0 0 0 0 0 0 0 0 0 23 23 0 23 0 0 0 0 0 0 0 0 0 10 0 0 0 0 21 21 21 21 22 22 4 0 0 0 0 0 0 10 10 10 23 23 21 21 21 21 21 21 21 21 
21 23 23 21 21 21 24 24 23 21 21 23 23 0 0 0 0 0 0 0 0 0 0 0 23 23 23 23 23 23 23 0 0 0 0 0 21 21 23 23 21 21 21 0 0 0 0 0 0 23 23 23 23 23 23 0 0 23 23 23 21 21 21 23 21 21 21 21 23 23 23 23 21 21 21 0 0 0 0 0 0 0 0 0 0 23 0 23 0 0 0 0 0 0 0 0 0 10 0 0 0 0 0 21 21 21 21 22 22 22 22 4 0 10 10 10 10 23 23 21 21 21 21 21 21 21 21 21 
21 23 21 21 21 21 23 24 21 21 21 23 0 0 0 0 0 0 0 0 0 23 23 24 24 24 23 23 23 0 0 0 0 0 0 21 23 23 24 23 21 21 21 0 0 0 0 0 0 0 0 23 23 23 23 23 23 23 23 21 21 21 21 21 21 21 21 21 23 23 23 21 21 21 21 0 0 0 0 0 0 0 0 0 0 0 0 0 0 0 0 0 0 0 0 0 0 10 0 0 0 0 0 0 21 21 21 21 21 21 21 10 10 10 10 23 23 23 21 21 21 21 21 21 21 21 21 21 
23 23 23 23 21 21 21 23 21 21 23 0 0 0 0 0 0 0 0 0 23 23 23 23 23 23 23 0 0 0 0 0 0 0 23 23 23 23 23 23 23 23 23 23 23 0 0 0 0 0 0 0 0 0 0 23 23 23 23 23 23 23 21 21 21 21 21 21 21 23 21 21 21 21 21 0 0 0 0 0 0 0 0 0 0 0 0 0 0 0 0 0 0 0 0 0 0 10 0 0 0 0 0 0 0 21 21 21 21 21 0 10 23 23 23 23 21 21 21 21 21 21 21 21 21 21 21 21 
21 21 23 23 21 21 21 23 21 21 23 0 0 0 0 0 0 0 23 23 23 23 23 23 23 0 0 0 0 0 0 0 0 23 23 23 24 21 21 23 23 23 23 0 0 0 0 0 0 0 0 0 0 0 0 0 0 0 0 0 0 0 0 21 21 21 21 21 21 21 21 21 21 21 0 0 0 0 0 0 0 0 0 0 0 0 0 0 0 0 0 0 0 0 0 23 0 10 0 0 0 0 0 0 0 0 21 21 21 0 0 10 0 23 23 21 21 21 21 21 21 21 21 21 21 21 21 21 
21 23 23 21 21 21 21 21 23 23 0 0 0 0 0 0 0 23 23 24 24 23 0 0 0 0 0 0 0 0 0 23 23 24 24 23 23 23 23 23 23 0 0 0 0 0 0 0 0 3 22 22 22 4 0 0 0 0 0 0 0 0 0 0 0 0 21 21 21 21 21 21 0 0 0 0 0 0 0 0 0 0 0 0 0 0 0 0 0 0 0 0 0 0 0 23 23 10 0 0 0 0 0 0 0 0 0 0 0 0 0 10 23 23 21 21 21 21 21 21 21 21 21 21 21 21 21 21 
23 23 21 21 21 21 21 21 23 23 0 0 0 0 0 0 23 23 23 23 0 0 0 0 0 0 0 0 0 23 23 23 23 23 23 0 0 0 0 0 0 0 0 0 0 0 3 22 22 21 21 21 21 22 22 22 22 4 0 0 0 0 0 0 0 0 0 0 0 0 0 0 0 0 0 0 0 0 0 0 0 0 0 0 0 0 0 0 0 0 0 0 0 0 23 23 24 10 10 0 0 0 0 0 0 0 0 0 0 0 0 10 23 21 21 21 21 21 21 21 21 21 21 21 21 21 21 21 
23 23 21 21 21 21 21 21 21 23 23 23 0 0 0 23 24 24 24 0 0 0 0 0 0 0 0 23 23 23 23 23 23 23 0 0 0 0 0 0 0 0 0 0 3 22 22 21 21 21 21 21 21 21 21 21 21 22 4 0 0 0 0 0 0 0 0 0 0 0 0 0 0 0 0 0 0 0 0 0 0 0 0 0 0 0 0 0 0 0 0 0 3 22 23 24 24 23 10 10 10 0 0 0 0 0 0 0 0 0 0 10 23 21 21 21 21 23 21 21 21 21 21 21 21 21 21 21 
21 21 21 21 21 21 21 21 21 21 21 21 0 0 0 23 23 23 23 0 0 0 0 0 23 23 23 23 23 23 23 23 0 0 0 0 0 0 0 0 0 0 0 0 0 0 0 21 21 21 21 21 21 0 21 21 21 21 22 4 0 0 0 0 0 0 0 0 0 0 0 0 0 0 0 0 0 0 0 0 0 0 0 0 0 0 0 0 0 0 0 3 22 23 23 24 24 24 22 22 10 10 10 10 0 0 0 0 0 0 10 10 23 21 21 23 23 21 21 21 21 21 21 21 21 21 21 21 
21 21 21 21 21 21 21 21 21 21 21 0 0 23 23 24 24 24 23 23 0 0 0 0 0 23 23 23 23 23 23 0 0 0 0 0 0 0 0 0 0 0 0 0 0 0 0 0 0 0 0 0 0 0 0 21 21 21 21 22 4 0 0 0 0 0 0 0 0 0 0 0 0 0 0 0 3 22 22 22 22 22 22 22 22 22 22 4 0 3 22 22 23 23 23 24 23 24 23 21 22 22 22 10 0 0 0 0 0 0 10 10 23 21 23 21 21 21 21 21 21 21 21 21 21 21 21 21 
21 21 21 23 21 21 21 21 21 21 21 0 0 0 23 23 23 0 0 0 0 0 0 0 0 0 23 23 23 23 23 23 0 0 0 0 0 0 0 0 0 0 0 0 0 0 0 0 0 0 0 0 0 0 0 0 21 21 21 21 22 4 0 0 0 0 0 0 0 0 0 0 0 0 0 0 0 0 21 21 21 21 21 21 21 21 21 22 22 22 21 23 23 23 23 23 23 23 23 23 21 21 21 10 0 0 0 0 0 0 10 23 23 23 21 21 21 21 21 21 21 21 21 21 21 21 21 21 
21 21 21 23 21 21 21 21 21 21 0 0 0 0 0 23 0 0 0 23 23 23 0 0 0 0 23 23 23 23 23 23 23 0 0 0 23 23 23 23 0 0 23 23 23 23 23 23 23 23 24 23 23 0 0 0 0 21 21 21 0 0 0 0 0 0 0 0 0 0 3 22 22 22 4 0 0 23 23 23 21 21 21 21 21 21 21 21 21 21 21 21 21 21 23 23 23 21 21 21 21 0 0 10 0 0 0 0 0 0 10 0 0 0 21 21 21 21 21 21 21 21 21 21 21 21 21 21 
21 21 23 23 21 21 21 21 21 21 0 0 0 0 0 0 0 0 0 0 0 0 0 0 0 23 23 21 21 21 23 23 23 23 23 23 23 23 23 23 0 0 23 21 21 21 21 23 23 23 23 23 23 23 23 0 0 0 0 0 0 0 0 0 0 0 0 0 0 0 0 0 23 21 21 21 21 21 24 23 23 21 21 21 21 21 21 21 21 0 21 21 21 21 21 23 21 21 21 0 0 0 0 10 0 0 0 0 0 0 10 0 0 0 0 0 21 21 21 21 21 21 21 21 21 21 21 21 
21 23 23 21 21 23 21 21 21 21 0 0 0 0 0 0 0 0 0 0 0 0 0 0 23 23 21 21 21 21 23 23 23 23 24 24 23 23 23 0 0 23 21 21 21 21 21 21 21 23 21 21 21 21 27 22 22 22 22 4 0 0 0 0 0 0 0 3 22 4 0 0 0 0 23 23 23 23 23 23 23 23 21 21 23 23 21 21 0 0 0 0 21 21 21 23 21 21 0 0 0 0 0 10 0 0 0 0 0 0 10 0 0 0 0 0 21 21 21 21 21 21 21 21 21 21 21 21 
21 23 23 23 21 23 21 21 21 21 22 4 0 0 0 0 0 0 0 23 23 23 23 23 23 23 21 21 23 23 23 23 23 23 24 24 23 23 0 0 0 23 21 21 21 21 21 23 23 23 23 21 23 23 21 21 21 21 21 0 3 22 22 22 22 22 4 0 0 0 0 0 0 0 0 0 0 23 23 23 23 23 23 23 0 0 0 0 0 0 0 0 0 21 21 23 21 0 0 0 0 0 0 10 0 0 0 0 0 0 10 0 0 0 0 0 21 21 21 21 21 21 21 21 21 21 21 21 
21 21 23 23 23 23 21 21 21 21 21 2 0 0 0 0 23 23 23 23 0 0 23 23 23 23 23 23 23 23 23 24 23 24 23 23 23 0 0 0 23 23 23 21 21 21 23 23 23 23 23 23 23 0 21 21 21 21 0 0 0 0 21 0 0 0 0 0 0 0 0 0 0 0 0 0 0 0 0 23 23 23 0 0 0 0 0 0 0 0 0 0 0 0 21 21 21 0 0 0 0 0 0 10 0 0 0 0 0 0 10 0 0 0 0 0 0 21 21 21 21 21 21 21 21 21 21 21 
23 23 23 21 23 21 21 21 21 21 21 22 4 0 0 0 0 0 0 0 0 0 0 0 23 23 0 0 0 0 0 0 23 23 23 23 0 0 0 0 0 23 23 23 21 21 23 23 0 0 0 0 0 0 0 21 21 21 0 0 0 0 0 0 0 0 0 0 0 0 0 0 0 0 0 0 0 0 0 0 0 23 0 0 0 0 0 0 0 0 0 0 0 0 21 21 0 0 0 0 0 0 0 10 0 0 0 22 22 22 10 9 9 9 9 9 9 21 21 21 21 21 21 21 21 21 21 21 
23 23 23 21 23 23 21 21 21 21 10 21 22 4 0 0 0 0 0 0 0 0 0 0 0 0 0 0 0 0 0 0 0 0 23 0 0 0 0 23 0 0 0 0 21 21 0 0 0 0 0 0 0 0 0 0 21 0 0 0 0 0 0 0 0 0 0 0 0 0 0 0 0 0 0 0 0 0 0 0 0 0 0 0 0 0 0 0 0 0 0 0 0 0 0 21 0 0 0 0 0 0 0 10 0 0 0 0 23 22 22 22 22 10 10 10 10 21 21 21 21 21 21 21 21 21 21 21 
23 23 23 23 23 23 21 21 21 21 10 10 21 22 22 4 0 0 0 0 0 0 0 0 0 0 0 0 0 0 0 0 0 0 0 0 0 0 23 23 23 0 0 0 0 21 0 0 0 0 0 0 0 0 0 0 0 0 0 0 0 0 0 0 0 0 0 0 3 22 22 22 4 0 0 0 0 0 0 0 0 0 0 0 0 0 0 0 0 0 0 0 0 0 0 0 0 0 0 0 0 0 0 10 0 0 0 0 21 21 21 23 23 10 10 10 21 21 21 21 21 21 21 23 21 21 21 21 
23 23 23 23 23 21 21 21 21 21 10 10 10 21 21 22 22 22 22 22 22 22 4 0 0 0 0 0 0 0 0 0 0 0 0 0 0 0 0 0 0 0 0 0 0 0 0 0 0 0 0 0 0 0 0 0 0 0 0 0 0 0 0 0 0 0 3 22 22 26 21 21 22 22 4 0 0 0 0 0 0 0 0 0 0 0 0 0 0 0 0 0 0 0 0 0 0 0 0 0 0 0 0 10 0 0 0 0 0 21 21 21 23 23 23 21 21 21 21 21 21 21 21 23 21 21 21 21 
21 23 23 23 21 21 21 21 21 21 21 10 10 10 10 21 21 21 21 21 21 0 0 0 0 0 0 0 0 0 0 0 0 0 3 22 22 4 0 0 0 3 22 22 4 0 0 0 0 0 0 0 0 0 0 0 0 0 0 0 0 0 0 3 22 22 22 26 21 21 21 21 21 21 22 22 22 22 22 22 22 22 22 22 22 4 0 0 0 0 0 0 0 0 0 0 0 0 0 0 0 0 0 10 0 0 0 0 0 0 0 21 21 21 21 21 23 21 21 21 21 21 23 23 21 21 21 21 
23 23 23 21 21 21 21 21 21 21 21 21 10 10 10 10 0 0 0 0 0 0 0 0 0 0 0 0 0 0 0 0 0 3 22 21 21 22 22 4 0 0 0 0 0 0 3 22 22 4 0 0 0 0 0 0 0 0 0 0 0 3 22 22 26 21 21 21 21 21 21 21 21 21 21 21 21 21 21 21 21 23 23 21 21 22 22 22 22 22 4 0 0 0 0 0 0 0 0 0 0 0 0 10 0 0 0 0 0 0 0 21 21 0 21 21 21 21 21 21 23 21 23 21 21 21 21 21 
21 21 21 21 21 21 21 21 21 21 21 21 21 10 10 10 10 10 0 0 0 0 0 0 0 0 0 0 0 0 0 3 22 22 21 21 21 21 21 2 0 0 0 0 0 0 0 0 0 0 3 22 22 22 22 22 4 0 0 3 22 22 26 21 23 23 23 21 21 21 21 21 21 21 21 23 23 23 23 23 23 23 23 21 21 21 21 21 21 0 0 0 0 0 0 0 0 0 0 0 0 0 0 10 0 0 0 0 0 0 0 0 0 0 0 21 21 21 21 21 23 21 23 21 21 21 21 21 
21 21 21 21 21 21 21 0 21 21 21 21 21 21 21 10 10 10 10 0 0 0 0 0 0 0 0 0 0 0 3 22 21 21 21 21 21 21 25 22 22 22 22 22 22 4 0 0 0 0 1 21 21 23 23 0 0 0 0 0 0 21 21 23 23 21 21 21 21 21 21 21 23 23 23 23 23 23 23 23 23 23 21 21 21 21 0 0 0 0 0 0 0 0 0 0 0 0 0 0 0 0 0 10 0 0 0 0 0 0 0 0 0 0 0 21 21 21 21 0 23 23 23 0 21 21 21 21 
21 21 21 21 21 21 0 0 0 0 21 21 21 21 21 21 21 10 10 0 0 0 0 3 22 4 0 0 3 22 22 21 21 0 0 0 21 21 21 21 0 0 0 0 0 0 0 0 0 3 22 21 21 23 0 0 0 0 0 0 0 21 23 23 21 21 21 21 21 23 23 23 23 23 23 23 23 23 23 23 23 21 21 21 0 0 0 0 0 0 0 0 0 0 0 0 0 0 0 0 0 0 10 10 10 0 0 0 0 0 0 0 0 0 0 0 0 21 21 0 0 23 23 0 21 21 21 21 
21 21 21 21 21 0 0 0 0 0 0 21 21 21 21 0 0 10 10 0 0 3 22 22 21 22 4 0 0 0 21 21 0 0 0 0 0 21 21 0 0 0 0 0 0 0 0 3 22 22 23 21 23 23 0 0 0 0 0 0 0 21 23 21 21 21 21 23 23 23 23 23 23 23 21 21 21 21 21 21 21 21 0 0 0 0 0 0 0 0 0 0 0 0 0 0 0 0 0 0 0 0 10 24 10 0 0 0 0 0 0 0 0 0 0 0 0 21 21 0 0 23 0 0 0 21 21 21 
21 21 21 21 0 0 0 0 0 0 0 21 21 21 21 0 0 10 10 0 3 22 21 21 21 21 2 0 0 0 0 0 0 0 0 0 0 0 0 0 0 0 0 0 0 0 3 22 21 21 23 21 23 0 0 0 0 0 0 0 0 21 21 21 21 21 23 23 23 23 21 0 0 0 0 0 0 0 0 0 0 0 0 0 0 0 0 0 0 0 0 0 0 0 0 0 0 0 0 0 0 0 10 0 10 0 0 0 0 0 0 0 0 0 0 0 0 21 21 0 0 23 0 0 0 21 21 21 
21 21 21 21 0 0 0 0 0 0 0 0 21 21 0 0 0 10 10 3 22 21 21 21 21 21 22 4 0 0 0 0 0 0 0 0 0 0 0 0 0 0 0 0 0 3 22 21 21 21 23 23 23 0 0 0 0 0 0 0 0 0 21 21 21 21 23 23 21 0 0 0 0 0 0 0 0 0 0 0 0 0 0 0 0 0 0 0 0 0 0 0 0 0 0 0 0 0 0 0 0 0 10 0 10 0 0 0 0 0 0 0 0 0 0 0 0 21 0 0 0 0 0 0 0 21 21 21 
21 21 21 21 0 0 0 0 0 0 0 0 0 0 0 0 0 10 10 0 0 0 0 21 21 21 21 22 22 4 0 0 0 0 0 0 0 0 0 3 22 4 0 3 22 26 21 21 21 21 23 23 0 0 0 0 0 0 0 0 0 0 0 21 21 0 0 23 0 0 0 0 0 0 0 0 0 0 0 0 0 0 0 0 0 0 0 0 0 0 0 0 0 0 0 0 0 0 0 0 0 0 10 0 10 0 0 0 0 0 0 0 0 0 0 0 0 0 0 0 0 0 0 0 0 21 21 21 
21 21 21 0 0 0 0 0 0 0 0 0 0 0 0 0 0 10 10 0 0 0 0 0 0 21 21 21 21 22 22 4 0 0 0 3 22 22 22 22 21 22 22 22 23 21 24 21 21 0 23 23 0 0 0 0 0 0 0 0 0 0 0 0 0 0 0 0 0 0 0 0 0 0 0 0 0 0 0 0 0 0 0 0 0 0 0 0 0 0 0 0 0 0 0 0 0 0 0 0 0 0 10 0 10 0 0 0 0 0 0 0 0 0 0 0 0 0 0 0 0 0 0 0 0 21 21 21 
21 21 21 0 3 22 22 4 0 0 0 0 0 0 0 0 0 10 10 0 0 0 0 0 0 21 21 21 21 21 21 22 22 22 22 22 26 21 21 21 21 24 21 23 23 21 24 21 21 0 23 23 0 0 3 22 22 22 22 22 22 4 0 0 0 0 0 0 0 0 0 0 0 0 0 0 0 0 0 0 0 0 0 0 0 0 0 23 23 23 23 23 23 23 23 0 0 0 0 0 0 0 10 0 10 0 0 0 0 0 0 0 0 0 0 0 0 0 0 0 0 0 0 0 0 21 21 21 
21 21 21 0 0 21 21 22 22 22 4 0 0 0 0 0 0 10 10 0 0 0 0 0 0 0 21 21 21 21 21 21 21 21 21 21 21 21 21 21 23 24 24 23 23 21 24 24 21 0 23 23 0 0 0 21 21 21 21 21 0 0 0 0 0 0 0 0 0 0 0 0 0 0 0 0 0 0 0 0 0 0 23 23 23 23 23 23 23 23 23 21 21 21 0 0 0 0 0 0 0 0 10 0 10 10 10 0 0 0 0 0 0 0 0 0 0 0 0 0 0 0 0 0 0 21 21 21 
21 21 21 21 0 0 0 21 21 21 22 22 22 22 4 0 0 10 10 0 0 0 0 0 0 0 0 21 21 21 21 21 21 21 21 21 21 21 21 21 23 23 24 23 0 21 21 24 21 0 0 23 0 0 0 0 21 21 21 21 0 0 0 21 21 21 0 0 0 0 23 23 23 23 23 23 23 23 23 23 23 23 23 23 23 23 21 21 23 23 21 21 0 0 0 0 0 0 0 0 0 0 10 24 24 24 10 10 0 0 0 0 0 0 0 0 0 0 0 0 0 0 0 0 22 21 21 21 
21 21 21 0 0 0 0 0 21 21 21 21 21 21 2 0 0 10 10 0 0 0 0 0 0 0 0 0 0 21 21 21 21 21 21 0 0 0 21 21 23 23 24 23 0 21 21 21 21 0 0 23 0 0 0 0 0 21 21 21 0 0 21 21 21 0 0 0 23 23 23 23 23 23 23 23 23 23 23 23 23 23 21 21 21 21 21 21 21 21 21 0 0 0 0 0 0 0 0 0 0 0 10 0 0 24 24 10 0 0 0 0 0 0 0 0 0 0 0 0 0 0 0 0 21 21 21 21 
21 21 21 0 0 0 0 0 0 0 21 21 21 21 22 22 4 10 10 0 0 0 0 0 0 0 0 0 0 0 21 21 21 21 0 0 0 0 0 0 23 23 23 0 0 21 21 0 21 0 0 23 0 0 0 0 0 0 21 21 21 21 21 21 21 0 0 0 0 0 0 0 21 21 21 21 21 21 21 21 21 23 21 21 21 21 21 21 21 21 21 0 0 0 0 0 0 0 0 0 0 0 10 0 0 0 0 10 0 0 0 0 0 0 0 0 0 0 0 0 0 0 0 22 21 21 21 21 
21 21 21 21 0 0 0 0 0 0 0 0 0 0 0 0 0 10 10 0 0 0 0 0 0 0 0 0 0 0 0 21 21 21 0 0 0 0 0 0 0 23 23 0 0 0 21 0 0 0 0 0 0 0 0 0 0 0 21 0 21 21 21 21 0 0 0 0 0 0 0 0 0 0 21 21 21 0 0 0 21 21 21 21 21 21 21 21 23 21 21 23 0 0 0 0 0 0 0 0 0 0 10 0 0 0 0 10 0 0 0 0 0 0 0 0 0 0 0 0 0 0 0 21 21 21 21 21 
21 21 21 21 21 0 0 0 0 0 0 0 0 0 0 0 0 10 10 0 0 0 0 21 21 0 0 0 0 0 0 0 0 21 0 0 0 0 0 0 0 0 23 0 0 0 0 0 0 0 0 0 0 0 0 0 0 0 0 0 0 0 21 0 0 0 0 0 0 0 0 0 0 0 21 0 0 0 0 0 0 21 21 0 0 21 21 21 23 23 21 23 23 0 0 0 0 0 0 0 0 0 10 0 0 0 0 10 0 0 0 0 0 0 0 0 0 0 0 0 0 22 22 21 21 21 21 21 
21 21 21 23 21 21 0 0 0 0 0 0 0 0 0 0 0 10 10 0 0 21 21 21 23 23 21 0 0 0 0 0 0 21 0 0 0 0 0 0 0 0 23 0 0 0 0 0 0 0 0 0 0 0 0 0 0 0 0 0 0 0 0 0 0 0 0 0 0 0 0 0 0 0 21 0 0 0 0 0 0 0 21 0 0 21 23 23 23 23 23 23 0 0 0 0 0 21 9 9 9 9 10 9 9 9 9 10 9 9 9 9 9 9 9 22 22 22 22 22 22 21 21 21 21 21 21 21 
21 21 23 23 23 21 21 21 0 0 0 0 0 0 0 0 0 10 10 0 0 0 0 0 21 23 23 0 0 0 0 0 0 0 0 0 0 0 0 0 0 0 23 0 0 0 0 0 0 0 0 0 0 0 0 0 0 0 0 0 0 0 0 0 0 0 0 0 0 0 0 0 0 0 0 0 0 0 0 0 0 0 21 0 0 21 21 23 23 23 23 0 0 0 0 0 21 21 10 10 10 10 10 10 10 10 10 10 10 10 10 10 10 10 10 21 21 21 21 21 21 21 21 21 21 21 21 21 
21 21 21 21 21 21 21 21 21 21 21 21 0 0 0 0 0 10 10 0 0 0 0 0 0 21 23 21 0 0 0 0 0 0 0 0 0 0 0 0 0 0 23 0 0 0 0 0 0 0 0 0 0 0 0 0 0 0 0 0 0 0 0 0 0 0 0 0 0 0 0 0 0 0 0 0 0 0 0 0 0 0 0 0 0 21 21 21 23 23 0 0 0 0 0 0 21 23 21 10 10 10 10 10 10 10 10 10 10 10 10 10 10 10 10 21 21 21 21 21 21 21 21 21 21 21 21 21 
21 21 21 21 21 21 21 21 0 0 0 0 0 0 0 0 0 10 10 0 0 0 0 0 0 0 0 0 0 0 0 0 0 0 0 0 0 0 0 0 0 0 0 0 0 0 0 0 0 0 0 0 0 0 0 0 0 0 0 0 0 0 0 0 0 0 0 0 3 22 22 22 4 0 0 0 0 0 0 0 0 0 0 0 0 0 21 0 23 23 23 23 23 0 0 0 21 23 21 21 10 10 10 10 10 10 10 10 10 10 10 10 21 21 21 21 21 21 21 21 21 21 21 21 21 21 21 21 
21 21 21 21 21 0 0 0 0 0 0 0 0 0 0 0 0 10 10 0 0 0 0 0 0 0 0 0 0 0 3 22 4 0 0 0 0 0 0 0 0 0 0 0 0 0 0 0 0 0 0 0 0 0 0 0 0 0 0 0 0 0 0 3 22 22 4 0 0 21 21 21 22 22 22 4 0 0 0 0 0 0 0 0 0 0 0 23 23 23 23 23 0 0 0 0 21 23 21 21 21 10 10 10 10 10 10 10 10 23 21 21 21 21 21 21 21 21 21 21 21 21 21 21 21 21 21 21 
21 21 21 21 0 0 0 0 0 0 0 0 0 0 0 0 0 10 10 0 0 0 0 0 0 0 0 0 0 0 0 0 0 0 0 0 0 0 0 0 0 0 0 0 0 0 0 0 0 0 0 0 0 0 0 0 0 0 0 0 0 3 22 22 21 0 0 0 0 0 21 21 21 21 22 22 22 22 4 0 0 0 0 0 0 0 23 23 23 23 23 0 0 0 0 21 23 23 21 21 21 21 21 10 10 10 10 23 24 21 21 21 21 21 21 21 21 21 21 21 21 21 21 21 21 21 21 21 
21 21 21 21 0 0 0 3 22 22 22 22 22 9 9 9 9 10 10 9 9 9 9 9 9 9 9 9 22 22 22 22 22 4 0 0 0 0 0 0 0 0 0 0 0 0 0 0 0 0 0 0 0 0 0 0 0 0 0 0 3 22 21 21 21 0 0 0 0 0 0 0 0 21 21 21 21 21 22 4 0 0 0 0 0 23 23 23 23 23 23 23 23 0 0 23 23 23 23 21 23 23 21 10 10 10 10 24 21 21 21 21 21 21 21 21 21 21 21 21 21 21 21 21 21 21 21 21 
21 23 21 25 22 4 0 0 0 0 21 22 21 10 10 10 10 10 10 10 10 10 10 10 10 10 10 10 21 22 22 21 21 22 4 0 0 0 0 0 0 0 0 0 0 0 0 0 0 0 0 0 0 0 0 0 3 22 22 22 22 21 21 0 0 0 0 0 0 0 0 0 0 0 0 0 0 0 0 0 0 0 23 23 23 23 23 23 23 23 0 0 0 0 0 23 23 23 23 21 23 23 21 10 10 10 21 21 21 21 23 23 21 21 21 21 21 21 21 21 21 21 21 21 21 21 21 21 
21 23 21 21 0 0 0 0 0 0 21 21 21 21 10 10 10 10 10 10 10 10 10 10 10 10 21 21 21 21 21 21 21 21 2 0 0 0 0 0 0 0 0 0 0 0 0 0 0 0 0 0 0 0 0 3 22 21 21 21 21 21 0 0 0 0 0 0 0 0 0 0 0 0 0 0 0 0 0 0 0 0 0 23 23 23 23 23 23 0 0 0 0 0 21 23 23 23 23 21 21 21 21 10 10 10 21 21 21 21 23 21 21 21 21 21 21 21 21 21 21 21 21 21 21 21 21 21 
21 23 21 21 0 3 22 22 4 0 21 21 21 21 10 10 10 10 10 10 10 10 10 10 10 21 21 21 21 23 23 21 21 21 22 4 0 0 0 0 0 0 0 0 0 0 0 0 0 0 0 0 0 0 0 0 0 0 0 0 0 0 0 0 0 0 0 0 0 0 0 0 0 0 0 0 0 0 0 0 0 0 0 0 23 23 23 23 23 0 0 0 0 0 23 23 23 21 23 21 21 21 10 10 10 21 21 21 21 21 23 21 21 21 21 21 21 21 21 21 21 21 21 21 21 21 21 21 
21 23 21 21 0 0 0 0 0 0 0 21 21 21 10 10 10 10 10 10 10 10 10 10 10 21 21 21 21 23 23 21 21 21 21 22 22 9 9 9 9 9 9 9 9 9 9 9 22 22 22 22 22 22 22 4 0 0 0 0 0 0 0 0 0 0 0 0 0 0 0 0 0 0 0 0 0 0 0 0 0 0 0 0 0 0 0 0 0 0 0 0 0 21 23 23 23 21 21 21 21 21 10 10 10 21 21 21 21 23 21 21 21 21 21 21 21 21 21 21 21 21 21 21 21 21 21 21 
21 21 21 25 22 4 0 0 0 0 0 21 23 21 21 21 21 21 21 21 21 21 21 10 10 21 21 21 21 21 21 21 21 21 21 21 21 10 10 10 10 10 10 10 10 10 10 10 21 23 21 21 21 21 21 0 0 0 0 0 0 0 0 0 0 0 0 0 0 0 0 0 0 0 0 0 0 0 0 0 0 0 0 0 0 0 0 0 0 0 0 0 0 23 23 23 23 21 21 21 21 10 10 10 10 21 21 21 21 23 21 21 21 21 21 21 21 21 21 21 21 21 21 21 21 21 21 21 
21 21 21 21 21 22 4 0 0 0 23 23 23 21 23 21 21 23 23 23 21 21 21 10 10 10 21 21 21 21 21 21 21 21 21 21 10 10 10 10 10 10 10 10 10 10 10 10 21 23 21 21 21 21 0 0 0 0 0 0 0 3 22 22 22 22 9 9 9 9 9 9 9 22 22 22 22 9 9 9 9 9 9 9 9 9 9 22 22 22 22 22 26 23 21 21 21 21 21 21 21 10 10 10 21 21 21 21 21 23 21 21 21 21 21 21 21 21 21 21 21 21 21 21 21 21 21 21 
21 21 21 21 21 0 0 0 0 23 23 23 23 23 21 21 21 21 21 23 21 21 21 21 10 10 10 10 21 21 21 21 21 21 10 10 10 10 10 10 10 10 10 10 10 10 10 10 21 23 21 21 21 21 0 0 0 0 0 0 0 0 21 21 21 21 10 10 10 10 10 10 10 10 21 21 10 10 10 10 10 10 10 10 10 10 10 10 21 21 21 21 21 21 21 21 21 21 21 21 10 10 10 10 21 21 21 21 23 23 21 21 21 21 21 21 21 21 21 21 21 21 21 21 21 21 21 21 
21 21 21 21 21 0 0 0 0 23 23 23 23 21 21 23 21 21 21 21 21 21 21 21 21 10 10 10 10 10 10 10 10 10 10 10 10 10 10 10 10 10 10 10 10 10 10 21 21 23 21 21 21 0 0 0 0 0 0 0 0 23 21 21 21 21 10 10 10 10 10 10 10 10 21 21 10 10 10 10 10 10 10 10 10 10 10 10 10 10 10 10 10 10 10 10 10 10 10 10 10 10 10 10 21 21 21 21 23 21 21 21 21 21 21 21 21 21 21 21 21 21 21 21 21 21 21 21 
21 21 21 21 21 0 0 0 23 23 23 0 0 0 21 21 23 21 21 21 21 21 21 21 21 21 10 10 10 10 10 10 10 10 10 10 10 10 10 10 10 10 10 10 10 10 10 21 21 21 21 21 0 0 0 0 0 0 0 0 0 0 23 21 21 21 10 10 10 10 10 10 10 10 10 21 10 10 10 10 10 10 10 10 10 10 10 10 10 10 10 10 10 10 10 10 10 10 10 10 10 10 21 21 23 21 21 21 21 21 21 21 21 21 23 21 21 21 21 21 21 21 21 21 21 21 21 21 
21 23 21 21 21 21 0 0 0 0 0 0 0 0 0 21 21 21 21 21 21 21 21 21 21 21 21 21 21 21 21 21 21 21 10 10 10 10 10 10 10 10 10 10 10 10 10 21 21 21 21 0 0 0 0 0 0 0 23 0 0 0 0 23 21 21 23 10 10 10 10 10 10 10 10 10 10 10 10 10 10 10 10 10 10 10 10 10 10 10 10 10 10 10 10 10 10 10 10 10 21 21 21 23 23 21 21 21 21 21 21 21 23 21 23 21 21 21 21 21 21 21 21 21 21 21 21 21 
21 23 21 21 21 21 0 0 0 0 0 0 0 0 0 0 0 0 21 21 21 21 21 21 21 21 21 21 21 23 21 21 21 21 21 10 10 10 10 10 10 10 10 10 10 10 21 21 21 21 21 0 0 0 0 0 0 0 23 0 0 0 23 21 21 21 21 21 10 10 10 10 10 10 10 10 10 10 10 10 10 10 10 10 10 10 10 10 10 10 10 21 21 21 21 21 21 21 21 21 21 21 21 23 21 21 21 21 23 21 21 21 23 23 23 0 21 21 21 21 21 21 21 21 21 21 21 21 
21 23 23 21 21 21 21 0 0 0 0 0 0 0 0 0 0 0 0 0 0 0 21 21 21 21 21 21 23 23 23 21 21 21 21 21 21 10 10 10 10 10 10 10 10 21 21 21 21 21 21 0 0 0 0 0 0 23 23 0 0 0 0 21 21 21 23 21 21 10 10 10 10 10 10 10 10 10 10 10 10 10 10 10 10 10 10 10 10 10 21 21 21 21 21 23 23 23 21 21 21 21 21 21 21 21 23 23 23 21 21 21 23 23 0 0 21 21 21 21 21 21 21 21 21 21 21 21 
21 21 21 21 21 21 21 0 0 0 0 0 0 0 0 0 0 0 0 0 0 0 0 0 0 21 21 21 21 21 21 21 21 21 21 21 21 21 10 10 10 10 10 10 21 21 23 23 21 21 21 0 0 0 0 0 0 23 23 23 0 0 0 0 21 21 23 23 21 21 23 10 10 10 10 10 10 10 10 10 10 10 10 10 10 10 10 10 21 21 23 23 21 21 21 23 21 21 21 21 21 21 21 21 21 23 23 23 21 21 21 0 0 23 0 0 21 21 21 21 21 21 21 21 21 21 21 21 
21 21 21 21 21 21 21 21 0 0 0 0 0 0 0 0 0 0 0 0 0 0 0 0 0 0 21 21 21 21 21 21 21 21 24 24 24 21 21 10 10 10 10 21 21 21 21 23 23 21 0 0 0 0 0 0 23 23 23 23 23 0 0 0 21 21 23 21 21 21 21 23 23 23 10 10 10 10 10 10 10 10 10 21 21 21 21 21 21 21 21 23 23 21 21 21 21 21 21 21 21 21 21 21 23 23 23 0 21 21 0 0 0 0 0 0 21 21 21 21 21 21 21 21 21 21 21 21 
21 21 21 23 21 21 21 21 0 0 0 0 3 22 22 22 4 0 0 0 0 0 0 0 0 0 0 0 0 21 21 21 21 24 24 24 24 24 21 21 21 21 21 21 21 21 21 21 21 21 0 0 0 0 0 0 23 21 21 23 23 0 0 0 21 21 21 21 21 21 21 21 21 21 23 23 10 10 10 10 10 21 21 21 21 21 21 21 21 21 21 21 21 21 21 21 21 21 21 21 21 21 0 0 23 23 23 0 0 0 0 0 0 0 0 21 21 21 21 21 21 21 21 21 21 21 21 21 
21 21 23 23 21 21 21 21 21 0 0 0 0 0 21 21 22 22 22 22 4 0 0 0 0 0 0 0 0 0 0 0 21 21 21 21 24 24 24 21 21 21 23 23 23 21 21 21 21 0 0 0 0 0 0 23 23 21 21 23 23 0 0 0 0 21 21 21 21 21 21 21 21 21 21 21 21 21 10 10 10 23 23 23 23 21 21 21 21 21 21 21 21 21 21 23 23 23 23 23 23 0 0 0 0 23 0 0 0 0 0 0 0 0 0 21 21 21 21 21 21 21 21 21 21 21 21 21 
21 21 23 21 21 21 21 21 21 0 0 0 0 0 0 21 21 21 21 21 22 22 4 0 0 0 0 0 0 0 0 0 0 0 0 0 0 21 21 21 21 23 23 23 23 21 21 0 0 0 0 0 0 0 0 23 23 23 23 23 23 23 0 0 0 0 0 21 21 21 21 21 21 21 21 21 21 21 21 10 10 21 21 21 21 21 21 21 21 21 21 21 21 21 0 0 0 23 23 0 0 0 0 0 0 0 0 0 0 0 0 0 0 0 0 21 21 21 21 21 21 21 21 21 21 21 21 21 
21 21 21 21 21 21 23 21 21 0 0 0 0 0 0 21 21 21 21 21 21 21 22 22 22 22 22 22 22 4 0 0 0 0 0 0 0 0 0 0 0 0 23 23 23 0 0 0 0 0 0 0 0 0 23 23 23 23 23 23 23 23 23 0 0 0 0 0 0 0 21 21 21 21 21 21 21 21 21 10 10 21 23 23 21 21 21 0 0 0 0 0 21 0 0 0 0 0 0 0 0 0 0 0 0 0 0 0 0 0 0 0 0 0 21 21 21 21 21 21 21 21 21 21 21 21 21 21 
21 21 21 21 21 23 23 21 21 21 0 0 0 0 0 21 21 21 21 21 21 21 21 21 21 21 21 21 0 0 0 0 3 22 22 22 4 0 0 0 0 0 23 23 0 0 0 0 0 0 0 0 0 23 23 23 23 23 23 23 23 23 23 23 0 0 0 0 0 0 0 0 0 0 0 0 0 0 0 10 10 23 23 23 23 23 23 23 0 0 0 0 0 0 0 0 0 0 0 0 0 0 0 0 0 0 0 0 0 0 0 0 21 21 21 23 21 21 21 21 21 21 21 21 21 21 21 21 
21 21 21 21 21 21 23 21 21 21 0 0 0 0 0 0 21 21 21 21 21 21 21 21 21 0 0 0 0 0 3 22 22 21 21 0 0 0 0 0 0 0 23 23 0 0 0 0 0 0 0 0 23 23 23 23 23 21 21 23 23 23 23 23 23 0 0 0 0 0 0 0 0 23 9 9 9 9 9 10 10 23 23 23 23 21 21 21 21 0 0 0 0 0 0 0 0 0 0 0 0 0 0 0 0 0 0 0 0 0 0 21 21 21 23 23 21 21 21 21 21 21 21 21 21 21 21 21 
21 21 21 21 21 21 21 21 21 21 0 0 0 0 0 0 0 0 21 21 21 21 21 0 0 0 0 0 0 3 22 21 0 0 0 0 0 0 0 0 0 0 0 23 0 0 0 0 0 0 23 23 23 23 23 23 21 21 23 23 23 23 23 23 23 23 0 0 0 0 23 23 23 23 23 23 10 10 10 10 10 23 23 23 21 21 21 21 21 0 0 0 0 0 0 0 0 0 0 0 0 0 0 0 0 0 21 21 21 21 21 21 23 23 21 23 23 21 21 21 21 21 21 21 21 21 21 21 
21 21 21 21 21 21 21 21 21 21 0 0 0 0 0 0 0 0 0 0 0 0 0 0 0 0 0 0 0 0 0 0 0 0 21 21 21 21 21 21 21 0 0 0 0 0 0 0 0 23 23 23 23 23 23 23 23 23 23 23 23 23 21 21 23 23 23 0 0 23 23 23 23 23 23 24 24 10 10 10 10 23 23 21 21 21 21 21 21 0 0 0 0 21 21 21 21 21 21 21 21 21 21 21 21 21 21 21 21 21 21 23 23 21 23 23 21 21 21 21 21 21 21 21 21 21 21 21 
21 21 21 21 21 21 21 21 21 21 21 0 0 0 0 0 0 0 0 0 0 0 0 0 0 0 0 0 0 21 21 21 21 21 21 21 21 23 23 21 21 21 21 0 0 0 0 23 23 23 23 21 23 23 23 23 23 23 23 23 23 23 21 23 23 23 23 0 0 0 0 21 21 23 23 23 23 24 24 23 23 23 23 21 21 21 21 0 0 0 0 0 21 21 21 21 21 23 23 23 23 23 23 21 21 21 21 21 21 23 23 23 23 23 21 21 21 21 21 21 21 21 21 21 21 21 21 21 
21 21 21 21 21 21 21 21 21 21 21 21 21 0 0 0 0 0 0 0 0 0 0 0 0 0 0 0 21 21 21 23 21 21 21 21 21 21 23 23 21 21 21 21 23 23 23 23 23 23 21 21 21 23 23 23 23 23 23 23 23 23 21 23 23 23 23 23 0 0 0 0 0 21 21 23 23 23 23 21 21 21 21 21 21 0 0 0 0 0 21 21 21 21 21 21 21 21 21 23 23 23 23 23 23 23 23 23 23 23 23 23 23 23 21 21 21 21 21 21 21 21 21 21 21 21 21 21 
21 23 23 21 21 23 21 21 21 21 21 21 21 21 21 0 0 0 0 0 0 0 0 0 0 0 21 21 21 21 23 23 21 21 21 21 21 21 21 21 21 21 21 21 21 23 23 23 23 23 23 23 23 23 23 23 23 23 23 23 23 23 23 23 23 23 23 23 23 23 0 0 0 0 0 21 23 23 21 21 0 21 21 21 0 0 0 0 0 21 21 21 21 21 21 23 23 23 23 23 23 23 23 23 23 23 23 23 23 23 23 23 23 21 21 21 21 21 21 21 21 21 21 21 21 21 21 21 
21 23 23 21 21 23 23 21 23 23 23 23 21 21 21 21 21 21 21 21 0 0 0 0 21 21 21 21 21 21 21 23 21 21 21 21 21 21 21 21 21 21 21 23 23 21 21 23 23 23 23 23 23 23 23 23 23 23 23 23 23 23 23 23 23 23 23 23 23 23 21 0 0 0 0 0 0 0 0 0 0 0 0 0 0 0 0 21 21 21 21 21 21 23 23 23 23 23 23 23 21 23 23 23 23 23 23 23 23 21 21 21 21 21 21 21 21 21 21 21 21 21 21 21 21 21 21 21 
21 21 21 21 21 21 21 21 21 21 21 21 21 21 21 21 21 21 21 21 21 21 21 21 21 21 21 23 21 21 21 21 21 21 21 21 21 21 21 21 21 21 21 21 21 23 23 23 23 23 23 23 23 23 23 23 23 23 23 23 23 23 23 23 23 23 23 23 21 21 21 21 21 0 0 0 0 0 0 0 0 0 0 0 0 0 21 21 21 21 21 21 21 23 23 23 23 23 23 23 23 23 23 23 21 23 23 21 21 21 21 21 21 21 21 21 21 21 21 21 21 21 21 21 21 21 21 21 
21 21 21 21 21 21 21 21 21 21 21 21 21 21 23 23 23 23 23 23 23 23 23 23 23 23 23 23 21 21 21 21 21 21 21 21 21 21 21 21 21 21 21 21 23 23 23 23 23 23 23 23 23 23 23 23 23 23 23 23 23 23 23 23 23 23 21 21 21 23 21 21 21 21 21 21 21 21 21 21 21 21 21 21 21 21 21 21 21 21 23 23 23 23 23 23 23 23 23 23 23 23 23 23 23 23 21 21 21 21 21 21 21 21 21 21 21 21 21 21 21 21 21 21 21 21 21 21 
