128
128
21 21 23 23 23 23 23 23 23 23 23 23 23 23 23 23 23 23 23 23 23 23 23 23 23 23 23 21 21 21 21 21 21 21 21 21 23 23 23 23 21 23 23 23 23 23 23 23 21 21 23 23 21 21 21 23 21 21 21 21 21 21 21 21 21 21 21 21 23 23 23 21 21 21 21 21 21 21 21 21 21 21 21 21 21 21 21 23 23 23 23 23 23 23 23 23 23 23 23 23 23 23 23 23 23 23 23 23 23 23 23 23 23 23 23 23 23 23 21 23 23 23 23 23 23 23 23 23 
21 23 23 23 23 23 23 23 23 23 23 23 23 23 23 23 23 23 23 23 23 23 23 23 23 23 23 23 23 21 21 21 21 23 23 23 23 23 23 23 23 23 23 23 21 21 21 21 21 23 23 21 21 21 23 23 23 23 21 21 21 21 21 21 21 21 23 23 23 23 23 23 23 21 21 21 21 23 23 23 21 21 21 23 23 23 23 23 23 23 23 23 23 23 23 23 23 24 23 23 23 23 23 23 23 23 23 24 23 0 0 9 9 23 23 23 23 21 21 23 23 23 21 21 21 21 23 23 
21 21 21 23 23 23 23 23 23 23 23 23 23 23 23 23 23 23 23 23 23 23 23 23 23 23 23 23 23 21 21 21 23 23 23 23 23 23 23 23 0 0 23 23 23 21 21 21 23 23 23 23 23 23 23 0 0 23 23 21 21 21 21 21 21 23 23 23 0 23 23 23 23 23 21 21 23 0 0 23 23 21 23 23 0 23 23 23 23 23 0 0 0 0 0 0 23 24 24 23 23 23 21 0 0 23 23 24 0 0 0 10 23 23 23 0 0 0 21 21 23 0 0 21 21 21 23 23 
23 21 21 23 23 23 0 23 23 23 0 0 0 23 23 23 23 23 0 23 23 23 0 23 23 23 23 23 23 23 21 21 23 0 23 23 0 23 23 0 0 0 23 23 23 21 21 23 23 0 0 0 0 0 0 0 0 0 23 23 21 21 21 21 21 23 23 0 0 23 23 23 23 23 23 21 23 0 0 23 23 23 23 23 0 23 23 23 23 23 0 0 0 0 0 0 0 23 24 24 24 23 21 0 0 23 23 24 0 0 0 10 0 23 23 0 0 0 21 23 0 0 0 21 21 23 23 23 
23 21 21 0 23 23 0 0 23 23 0 0 0 0 23 23 23 0 0 23 23 0 0 0 23 23 23 23 23 23 21 23 23 0 0 23 0 0 23 0 0 23 23 0 23 21 21 23 0 0 0 0 0 0 0 0 0 0 0 23 23 21 21 21 23 0 0 0 0 23 23 23 0 0 23 23 23 0 0 0 23 23 23 0 0 0 23 23 23 23 23 0 0 0 0 0 0 0 0 0 23 23 0 0 0 0 23 24 0 0 0 10 0 0 23 23 0 0 21 23 0 0 0 21 21 23 23 23 
23 21 0 0 23 0 0 0 0 0 0 0 0 0 23 0 23 0 0 0 23 0 0 0 23 23 23 23 23 23 23 23 0 0 0 23 0 0 0 0 0 23 23 0 23 23 23 0 0 0 0 0 0 0 0 0 0 0 0 0 23 23 21 23 0 0 0 0 0 23 23 23 0 0 23 23 23 0 0 0 23 23 23 0 0 0 0 23 23 23 23 23 23 0 0 0 0 0 0 0 0 0 23 0 0 0 23 23 0 0 0 10 0 0 23 23 0 0 0 23 0 0 0 0 21 0 23 23 
23 21 0 0 23 0 0 0 0 0 0 0 0 0 0 0 23 0 0 0 23 0 0 0 0 0 23 23 23 23 23 23 0 0 0 0 0 0 0 0 23 23 23 0 0 0 0 0 0 0 0 21 23 23 23 0 0 0 0 0 0 23 23 23 0 0 0 0 0 0 23 23 0 0 23 23 23 0 0 0 23 23 23 0 0 0 0 23 0 23 23 23 23 0 0 0 0 0 0 0 0 0 0 0 0 0 0 23 0 0 0 10 0 0 0 23 0 0 0 23 0 0 0 0 21 0 0 23 
23 21 0 0 23 0 0 23 0 0 0 0 0 0 0 0 23 0 0 0 0 0 0 0 0 0 0 23 23 23 23 23 0 0 0 0 0 0 0 23 23 23 23 0 0 0 0 0 0 23 23 23 23 23 23 23 23 23 0 0 0 0 0 0 0 0 0 0 0 0 23 23 0 0 23 23 23 23 0 0 23 23 23 0 0 0 23 23 0 23 23 23 23 23 0 0 0 0 0 0 0 23 24 0 0 0 0 23 0 0 0 10 0 0 0 23 0 0 0 0 0 0 0 0 0 0 0 23 
23 21 0 0 23 0 0 0 0 0 0 23 24 23 0 0 23 0 0 0 0 0 0 0 0 0 0 0 23 23 23 23 0 0 0 0 23 23 23 23 23 23 0 0 0 0 0 0 0 23 23 0 0 0 0 0 0 23 23 0 0 0 0 0 0 0 0 0 0 0 23 23 0 0 0 23 0 0 0 0 23 23 23 0 0 0 0 0 0 23 21 21 23 23 0 0 0 0 0 0 23 24 24 0 0 0 0 23 0 0 0 10 0 0 0 0 0 0 0 0 0 23 23 23 0 0 0 23 
23 21 0 0 23 0 0 0 0 0 23 23 24 23 23 0 0 0 0 0 0 0 0 0 0 0 0 0 0 23 23 0 0 0 23 23 23 23 23 0 0 23 0 0 0 0 0 0 23 23 0 0 0 0 0 0 0 0 23 23 0 0 0 0 0 0 0 0 0 0 23 0 0 0 0 23 0 0 0 23 23 23 23 23 23 0 0 0 23 23 21 21 21 23 23 0 0 0 0 23 24 24 23 23 0 0 0 0 0 0 0 10 0 23 23 23 23 23 23 23 0 0 0 0 0 0 23 23 
21 21 21 0 0 0 0 0 0 23 23 24 24 23 23 0 0 0 0 0 0 0 23 23 23 0 0 0 0 0 23 0 0 0 23 23 23 23 0 0 0 0 0 0 0 23 23 23 23 0 0 0 23 0 0 0 0 0 0 23 23 0 0 0 23 23 23 0 0 0 23 0 0 0 0 23 23 0 0 0 0 23 0 0 0 0 0 0 23 23 21 21 21 23 23 23 0 0 23 23 24 23 23 23 23 0 0 0 0 0 0 10 0 0 0 0 0 0 0 0 0 0 0 0 0 0 0 23 
21 21 21 0 0 0 0 0 23 24 23 23 0 23 23 23 23 23 0 0 23 23 24 24 23 23 0 0 0 0 23 0 0 23 23 23 23 23 0 0 0 0 0 0 0 0 0 0 0 0 0 0 0 0 0 0 0 0 0 23 23 23 0 0 0 23 23 23 0 0 23 0 0 0 0 23 23 23 0 0 0 0 0 0 0 0 23 23 23 23 0 21 23 23 23 0 0 0 0 23 0 0 0 0 0 0 23 23 0 0 0 10 0 0 0 0 0 0 0 0 0 0 0 0 0 0 0 23 
21 23 21 21 0 0 0 23 23 24 23 0 0 23 23 23 24 24 23 23 23 24 24 24 24 23 23 0 0 0 0 0 0 0 0 0 23 23 23 23 0 0 0 23 23 23 0 0 0 0 0 0 0 0 23 23 23 23 0 23 21 23 23 0 0 23 23 0 0 0 23 0 0 0 0 0 0 0 0 23 23 23 23 0 0 0 0 0 23 0 0 23 23 0 0 0 0 23 23 23 0 0 0 23 23 23 24 23 23 23 0 10 0 0 0 0 0 0 0 23 23 23 23 23 0 0 23 23 
21 23 21 21 21 0 0 0 0 23 0 0 0 23 23 24 24 23 23 23 23 23 23 23 23 23 23 23 23 23 0 0 23 0 0 0 0 0 23 23 23 0 0 0 0 0 0 0 0 0 23 0 0 0 0 0 0 0 0 23 21 21 23 0 0 0 23 0 0 23 0 0 23 23 23 0 0 0 23 23 0 0 0 0 0 0 0 0 0 0 0 0 0 0 0 0 0 0 0 0 0 0 0 0 0 0 24 24 24 0 0 10 0 0 0 0 23 23 23 23 23 23 23 0 0 0 23 23 
21 21 23 23 21 0 0 0 0 0 0 0 0 0 23 23 23 23 23 23 23 0 0 0 0 23 0 0 23 23 23 23 23 23 0 0 0 0 0 0 23 23 0 0 0 0 0 0 23 23 23 0 0 0 0 0 0 0 23 23 21 21 23 0 0 0 0 0 0 0 0 0 23 23 23 23 0 0 0 0 0 0 23 23 23 23 23 23 0 0 0 0 0 0 23 23 0 0 0 23 23 24 24 23 0 0 0 23 24 24 0 10 0 0 0 23 23 23 23 23 0 0 0 0 0 23 23 23 
21 23 23 23 23 23 23 0 0 0 0 0 0 0 0 0 0 23 23 23 0 0 0 0 0 0 0 0 0 23 23 23 23 23 23 23 0 0 0 0 0 23 23 23 23 23 23 23 23 23 0 0 0 0 0 0 0 23 23 21 21 23 23 0 0 0 24 24 23 0 0 23 23 23 23 23 23 23 23 23 0 0 0 23 23 23 23 23 23 23 0 0 0 23 23 23 0 0 23 23 24 24 23 23 0 0 0 0 23 24 0 10 0 0 23 23 23 0 0 0 0 0 0 0 0 23 23 23 
21 23 23 23 23 23 23 23 23 23 23 0 0 0 0 0 0 0 23 0 0 0 0 0 0 0 0 0 0 0 0 0 23 23 23 23 23 23 0 0 0 0 23 23 23 23 23 23 0 0 0 0 0 0 23 23 23 23 21 23 23 23 0 0 0 0 23 23 23 23 0 0 0 0 23 24 24 23 0 23 23 0 0 0 23 23 0 23 0 0 0 0 23 23 23 0 0 0 0 0 23 0 0 23 23 0 0 0 23 23 0 10 0 0 0 0 0 0 0 0 0 0 0 0 23 23 23 23 
23 23 23 21 21 23 23 23 23 24 23 23 23 0 0 0 0 0 0 0 0 0 0 23 23 0 0 0 0 0 0 0 0 0 0 0 23 23 23 23 0 0 0 0 0 0 0 0 0 0 0 0 0 0 0 0 0 23 23 23 0 0 0 0 23 23 23 23 23 23 23 0 0 0 0 24 23 0 0 0 0 0 23 23 23 0 0 23 0 0 0 23 23 23 23 0 0 0 0 0 0 0 0 0 23 23 0 0 23 23 0 10 0 0 0 0 0 0 0 0 0 0 0 23 23 23 23 23 
23 23 23 21 23 23 23 23 23 24 24 23 23 23 0 0 0 23 23 23 23 23 23 23 23 23 23 23 23 0 0 0 0 0 0 0 0 0 23 23 23 0 0 0 0 0 0 0 0 0 23 23 23 0 0 0 0 0 0 0 0 23 23 0 0 0 0 23 23 0 23 23 0 0 0 0 23 0 0 0 0 23 23 0 0 0 0 0 0 0 23 23 23 23 0 0 0 0 23 23 0 0 0 0 0 23 23 0 23 23 0 10 0 0 0 0 0 0 0 0 23 23 23 23 23 23 23 23 
23 23 23 21 23 23 23 23 23 23 24 23 23 23 23 0 0 0 0 23 24 24 24 24 23 0 23 23 0 0 0 23 23 23 23 23 23 0 0 23 23 23 0 0 0 0 0 0 23 23 23 23 23 23 23 0 0 0 0 0 0 0 23 23 23 0 0 0 23 0 0 0 0 0 0 0 0 0 0 0 23 0 0 0 0 0 0 0 0 0 23 23 23 0 0 0 0 23 23 24 24 23 23 23 0 0 0 0 23 0 0 10 0 0 0 23 23 23 23 23 23 23 23 23 23 23 23 23 
23 23 23 23 24 23 23 23 23 23 24 23 23 23 23 23 0 0 0 0 23 23 24 23 0 0 0 23 0 0 0 0 23 23 23 23 0 0 0 23 23 23 23 0 0 0 0 23 23 23 24 23 23 23 23 23 23 23 0 0 0 0 0 0 24 24 0 0 0 0 0 0 0 23 23 0 0 0 0 0 0 0 0 0 0 0 0 0 0 23 24 23 23 0 0 0 23 23 23 23 24 24 0 0 0 0 0 0 23 0 0 10 0 0 23 23 0 0 0 0 0 0 23 23 23 23 23 23 
23 23 23 23 24 24 24 23 23 23 23 23 23 23 23 23 0 0 0 0 0 0 23 0 0 0 0 0 0 0 0 0 0 23 23 0 0 0 0 23 23 23 23 23 23 23 23 23 0 23 24 24 23 0 0 23 23 23 23 0 0 0 0 0 0 24 24 23 0 0 0 0 24 24 24 23 23 23 23 0 0 0 0 0 0 23 23 23 23 23 24 23 23 23 23 0 0 0 0 0 23 0 0 0 23 23 23 23 23 0 0 10 0 0 0 0 0 0 0 0 0 0 0 23 23 23 23 23 
21 23 21 23 23 23 24 24 23 23 23 23 23 23 23 23 23 0 0 0 0 0 0 0 0 0 0 0 0 0 0 0 0 23 0 0 0 0 0 0 23 0 23 23 23 23 23 0 0 0 23 23 23 0 0 0 23 24 23 23 0 0 0 0 0 0 24 24 23 23 0 0 0 0 0 0 0 0 0 0 0 0 0 0 0 23 23 23 24 24 24 23 23 23 23 0 0 0 0 0 0 0 0 23 23 23 23 23 23 0 0 10 0 0 0 0 0 0 0 0 0 0 0 0 23 23 23 21 
21 23 21 21 23 23 24 24 24 24 23 24 23 23 23 23 23 0 0 0 0 0 0 0 0 0 0 0 0 0 0 0 0 0 0 0 0 0 0 0 0 0 0 23 0 0 0 0 0 0 0 23 23 0 0 0 0 24 24 23 23 23 0 0 0 0 0 23 24 23 23 23 0 0 0 0 0 0 0 0 23 23 23 23 23 23 23 23 23 23 23 23 23 23 23 23 23 0 0 0 0 0 0 0 0 0 0 0 23 0 0 10 0 0 0 0 0 0 0 0 0 0 0 0 0 0 23 21 
21 23 23 23 21 21 21 23 23 24 23 23 23 24 23 23 23 23 0 0 23 23 23 23 0 0 0 0 0 0 0 0 0 0 0 0 0 0 0 0 0 0 0 0 0 0 0 0 0 0 0 0 23 23 0 0 0 0 24 24 24 23 23 0 0 0 0 0 23 23 23 23 23 23 23 23 23 23 23 23 23 23 23 23 23 23 23 23 23 23 23 23 23 23 23 23 23 23 0 0 0 0 0 0 0 0 0 0 0 0 0 10 0 0 0 0 0 0 0 0 0 0 0 0 0 0 23 21 
23 23 23 23 23 23 23 24 24 24 23 23 23 23 23 23 23 23 23 0 0 23 23 0 0 0 0 0 23 23 0 0 0 0 23 21 21 21 0 0 0 0 0 0 0 0 23 23 23 0 0 0 0 0 0 0 0 0 23 23 24 24 23 23 0 0 0 0 0 0 0 23 23 24 24 24 24 24 23 23 23 23 0 0 0 0 0 0 0 0 0 0 0 0 0 23 23 23 23 23 0 0 0 0 0 0 0 0 0 0 0 10 23 23 23 23 23 23 0 0 0 0 0 0 0 0 23 23 
23 23 23 23 23 23 23 21 21 21 23 23 23 23 23 0 0 0 0 0 0 23 0 0 0 23 23 23 23 21 21 21 23 23 23 23 21 21 21 21 21 21 21 23 23 23 23 23 23 23 0 0 0 0 0 0 0 0 0 23 23 23 23 23 0 0 0 0 0 0 0 0 0 0 0 23 23 23 23 23 0 0 0 0 0 0 0 0 0 0 0 0 0 0 0 0 23 23 23 23 23 0 0 0 0 0 0 0 0 0 0 10 0 23 23 23 23 23 0 0 0 0 0 0 0 0 0 23 
23 23 23 24 23 21 21 21 21 23 23 23 23 0 0 0 0 0 0 0 0 0 0 0 23 23 21 21 21 21 21 23 23 23 24 23 23 21 23 23 23 23 23 23 23 23 23 0 0 0 0 0 0 0 0 0 0 0 0 0 0 0 23 23 23 0 0 0 0 0 0 0 0 0 0 0 0 0 0 0 0 0 0 23 23 23 23 0 0 0 0 0 0 0 0 0 0 23 23 23 23 0 0 0 0 0 0 0 0 0 0 10 0 0 23 23 23 23 23 0 0 0 0 0 0 0 0 23 
21 23 23 21 21 21 23 23 23 0 0 0 0 0 0 0 0 0 0 0 0 0 0 23 23 23 23 27 21 21 27 21 21 23 23 23 23 23 23 23 23 21 0 0 23 23 0 0 0 23 23 23 23 0 0 0 0 0 0 0 0 0 0 23 23 23 0 0 0 0 0 0 0 0 0 0 0 0 0 0 0 0 0 0 0 0 23 23 23 23 23 23 0 0 0 0 0 23 23 23 23 23 23 9 9 9 9 9 9 9 9 10 9 9 9 9 23 23 23 0 0 23 23 23 0 0 0 23 
21 21 21 21 24 23 23 0 0 0 0 0 0 0 0 0 23 23 0 0 0 23 23 27 21 23 23 23 23 23 21 21 21 21 21 23 23 23 23 21 21 21 0 0 0 23 0 0 0 0 23 23 23 0 23 23 23 23 0 0 0 0 0 0 23 23 23 23 23 23 23 23 23 23 23 23 0 0 0 0 0 23 0 0 0 0 0 0 23 23 23 24 23 23 0 0 0 0 23 23 23 23 23 10 10 10 10 10 10 10 10 10 10 10 23 23 23 23 0 0 23 23 23 0 0 0 21 23 
21 21 23 23 24 24 0 0 0 0 0 23 23 0 0 0 0 23 23 23 23 23 27 21 21 23 23 23 23 23 23 21 21 0 0 21 21 21 23 21 0 0 0 0 0 23 0 0 0 0 23 23 0 0 0 23 23 23 0 0 0 0 0 0 0 23 24 24 23 23 23 23 23 0 23 23 23 23 23 0 23 23 0 0 0 0 0 0 0 0 23 24 24 23 23 0 0 0 0 23 23 23 23 23 23 23 23 10 10 10 10 23 23 23 23 23 23 0 0 0 0 23 0 0 0 0 23 23 
21 21 23 23 23 0 0 0 0 0 0 0 23 23 0 0 0 0 0 0 23 27 21 21 23 23 23 23 23 21 23 23 21 0 0 21 21 21 23 0 0 0 0 0 0 0 0 0 0 0 0 23 0 0 0 23 23 0 0 23 23 0 0 0 0 0 23 24 23 0 0 0 0 0 0 0 23 23 23 23 23 24 24 0 0 0 0 0 0 23 23 23 24 23 23 23 0 0 0 23 23 23 23 23 23 23 23 23 23 23 23 23 23 23 23 0 0 0 0 0 0 0 0 0 0 23 23 23 
21 23 23 23 23 24 21 21 21 0 0 0 0 23 23 23 0 0 0 0 0 0 0 0 0 0 0 23 21 21 21 23 0 0 21 21 0 0 0 0 0 0 0 0 21 0 0 0 0 0 0 23 0 0 0 23 23 0 0 0 23 23 23 0 0 0 0 23 0 0 0 0 0 0 0 0 0 0 23 23 23 23 24 24 23 23 23 23 23 23 23 23 24 23 23 23 0 0 0 23 21 23 23 23 0 0 23 23 23 23 23 23 23 0 0 0 0 0 0 0 0 0 0 0 23 23 21 23 
21 23 23 21 21 24 21 21 21 21 21 0 0 0 23 23 23 23 0 0 0 0 0 0 0 0 0 23 21 21 21 23 0 0 0 0 0 0 0 0 0 0 0 21 21 0 0 0 0 0 0 0 0 0 0 23 23 0 0 0 0 23 24 24 23 0 0 0 0 0 0 0 0 0 0 0 0 0 0 0 23 23 23 23 24 24 24 24 24 24 24 24 23 23 23 0 0 0 23 21 21 23 23 0 0 0 0 0 0 0 0 0 0 0 0 0 0 0 0 0 0 0 0 23 23 21 21 23 
23 23 23 21 21 21 23 23 23 21 21 21 0 0 0 23 23 23 23 23 0 0 0 0 0 0 23 21 0 21 21 0 0 0 0 0 0 0 0 0 0 1 21 21 21 21 2 0 0 0 0 0 0 0 0 23 0 0 0 0 0 23 24 23 0 0 0 0 0 23 23 23 23 23 23 0 0 0 0 0 0 0 0 0 0 0 0 0 0 23 23 23 23 0 0 0 0 0 23 21 21 23 0 0 0 0 0 0 0 0 0 0 0 0 0 0 0 0 0 0 0 21 23 23 23 23 21 23 
23 21 21 21 21 21 21 21 23 23 23 23 23 0 0 0 23 23 23 23 23 23 23 23 23 23 0 0 0 21 0 0 0 0 0 0 0 0 21 0 0 0 0 21 21 0 0 0 23 23 23 0 0 0 0 0 0 0 0 23 23 23 23 0 0 0 0 0 0 23 21 21 21 23 23 23 23 23 0 0 0 0 0 0 0 0 0 0 0 0 0 0 23 0 0 0 0 23 23 21 21 23 0 0 0 0 0 0 0 0 0 0 0 0 0 0 21 21 23 23 23 23 23 23 23 23 23 23 
23 21 23 23 21 23 21 21 21 23 23 23 23 23 0 0 0 0 0 0 0 0 23 23 23 0 0 0 0 21 0 0 0 0 21 25 21 21 21 21 0 0 0 0 0 0 0 23 23 23 23 23 0 0 0 0 0 23 23 23 23 0 0 0 0 0 0 0 23 23 23 21 21 21 21 23 23 23 23 23 23 0 0 0 0 0 0 0 0 0 0 0 0 0 0 0 0 23 23 21 23 23 21 0 0 0 0 0 0 0 0 21 21 0 0 0 23 23 23 0 0 23 23 23 23 23 23 23 
21 23 23 23 21 23 23 21 21 0 0 0 0 0 0 0 0 0 0 0 0 0 0 0 0 0 0 0 0 0 0 0 0 21 21 24 24 21 24 21 25 0 0 0 0 0 0 23 0 0 0 23 23 0 0 0 23 23 23 0 0 0 0 0 23 23 23 23 23 23 23 23 23 23 21 21 21 21 21 21 23 23 23 23 0 0 0 0 0 0 0 0 0 0 0 0 23 23 21 21 23 23 21 0 0 0 0 21 21 21 21 21 23 24 24 0 0 0 0 0 0 0 0 23 23 23 23 21 
21 24 23 21 23 21 21 21 0 0 0 0 0 0 0 21 21 21 21 21 21 0 0 0 0 0 0 0 0 0 0 0 21 23 23 21 23 23 23 21 23 0 0 21 21 0 0 0 0 0 0 0 0 0 23 23 23 0 0 0 0 0 23 23 23 21 21 21 21 21 23 23 23 23 23 23 23 21 21 21 23 23 23 23 23 23 23 23 23 23 23 23 23 23 23 23 23 21 21 21 23 21 21 0 0 0 0 0 23 23 23 24 23 23 23 0 0 0 0 0 0 0 0 23 23 23 23 21 
21 24 23 21 21 21 21 0 0 0 0 0 0 21 21 21 21 23 21 21 21 21 21 21 21 0 0 0 0 0 21 25 21 21 28 24 24 23 23 23 0 0 0 23 23 23 23 0 0 0 0 0 0 23 23 23 0 0 0 0 23 23 23 23 21 21 21 21 21 21 21 23 23 23 23 23 23 23 23 23 23 21 21 21 21 21 21 21 23 23 23 23 23 23 23 23 23 21 21 23 23 21 21 21 0 0 0 0 0 0 23 23 23 23 0 23 23 23 23 0 0 0 0 0 0 23 23 21 
21 23 21 21 0 0 0 0 0 0 0 0 21 21 21 21 21 21 21 0 21 21 21 21 21 21 21 0 0 0 0 0 0 0 28 23 24 24 23 23 0 0 23 23 23 23 23 23 23 23 23 23 23 23 23 0 0 0 0 23 23 23 23 23 21 21 23 23 0 23 23 0 0 0 0 23 23 21 21 21 21 21 21 21 21 21 21 23 23 23 23 23 23 0 21 21 21 23 23 23 23 21 21 21 21 0 0 0 0 0 0 0 0 23 0 0 23 23 0 0 0 0 0 0 23 23 23 21 
21 23 21 21 0 0 0 0 0 0 21 21 21 21 21 21 0 0 0 0 0 0 21 21 21 21 21 21 0 0 0 0 0 0 0 21 21 23 23 0 0 0 23 23 23 23 23 23 23 23 23 23 0 0 0 0 0 0 23 21 23 23 21 23 23 0 0 0 0 0 0 0 0 0 0 0 23 23 23 21 21 21 21 21 23 21 21 23 23 23 0 0 0 0 0 0 0 0 0 0 0 0 0 0 0 0 0 0 0 0 0 0 0 0 0 0 23 0 0 0 23 23 23 23 23 23 23 23 
23 21 21 0 0 0 0 0 0 21 21 21 21 21 0 0 0 0 0 0 0 0 0 0 21 21 21 21 21 21 0 0 0 0 0 0 21 23 23 0 0 23 23 23 0 0 0 0 0 0 0 0 0 0 0 0 23 23 21 21 21 23 21 0 0 0 0 0 0 0 0 0 0 0 0 0 0 0 23 23 21 21 21 23 23 21 21 21 23 0 0 0 0 0 0 0 0 0 0 21 21 21 0 0 0 0 0 21 21 21 21 21 21 21 0 0 0 0 0 23 0 0 23 23 23 23 23 23 
21 21 0 0 0 0 0 0 0 21 21 0 0 0 0 0 0 0 0 0 0 0 0 0 0 0 0 0 21 21 21 0 0 0 0 0 0 0 23 0 0 23 23 0 0 0 0 23 23 0 0 0 0 0 23 23 21 21 23 21 21 21 0 0 0 0 0 0 0 0 0 0 0 0 0 0 0 0 0 0 21 21 0 23 0 0 0 0 0 0 0 0 0 0 0 0 0 27 21 21 21 21 21 0 0 0 0 0 21 23 23 21 23 0 0 0 0 0 0 0 0 0 0 23 23 23 23 23 
21 21 0 0 0 0 0 21 21 21 0 0 0 0 0 23 23 23 23 23 23 0 0 0 0 0 0 0 0 21 0 0 0 0 0 0 0 0 0 0 23 23 0 0 0 23 23 23 23 0 0 0 0 23 23 23 21 21 21 0 0 0 0 0 0 0 0 0 0 0 0 0 0 0 0 0 0 0 0 0 21 0 0 0 0 0 21 21 21 0 0 0 0 0 0 0 27 21 21 21 21 21 21 21 30 0 0 0 21 21 23 23 23 0 0 23 23 23 23 0 0 0 0 0 23 23 23 23 
21 21 0 0 0 21 21 21 21 21 0 0 0 23 23 23 23 23 23 23 23 23 23 0 0 0 0 0 0 0 0 0 0 0 0 0 0 0 0 0 23 0 0 0 23 23 23 23 23 23 0 0 23 23 21 21 21 0 0 0 0 0 0 0 0 0 0 21 21 21 21 21 21 21 0 0 0 0 0 0 0 0 0 0 21 21 21 21 21 21 0 21 21 21 0 0 0 0 0 0 0 21 21 21 30 0 0 0 0 21 23 23 0 0 23 23 23 23 23 23 0 0 0 0 0 23 23 23 
21 21 21 0 0 0 0 21 23 21 0 0 0 0 0 0 0 23 23 23 23 0 23 23 23 0 0 0 0 0 21 21 0 0 23 23 23 0 0 23 23 23 23 0 0 0 23 0 0 0 0 0 0 0 21 0 0 0 0 0 0 0 0 0 0 0 21 21 21 21 21 21 21 21 21 0 0 0 21 21 21 21 21 21 21 0 0 0 0 0 0 0 21 21 21 0 0 0 0 0 0 0 21 21 0 0 0 0 0 0 23 23 0 23 23 0 23 0 0 0 0 0 0 0 0 0 23 21 
23 24 21 0 0 0 0 21 23 21 21 0 0 0 0 0 0 0 0 23 0 0 0 0 0 0 0 0 0 21 21 21 0 0 21 23 23 23 0 23 23 23 23 23 0 0 0 0 0 0 0 0 0 0 0 0 0 0 0 0 0 0 0 0 0 21 21 21 0 0 0 21 21 21 21 21 21 21 21 21 0 21 0 0 0 0 0 0 0 0 0 0 0 0 21 0 0 23 0 0 0 0 0 21 0 0 0 0 0 0 0 23 0 0 0 0 0 0 0 0 23 23 23 0 0 0 23 21 
23 24 21 21 0 0 0 0 21 21 21 21 22 22 22 22 22 4 0 0 0 0 0 0 0 0 0 21 21 23 21 0 0 21 21 23 23 23 0 0 0 23 23 23 23 23 23 23 23 23 23 23 0 0 0 0 0 0 0 0 0 0 0 0 21 21 0 0 0 0 0 0 0 0 21 21 21 21 21 0 0 0 0 0 0 0 0 0 23 23 0 0 0 0 0 0 23 23 23 0 0 0 0 0 0 0 0 0 0 0 0 0 0 0 0 0 23 23 23 23 23 23 0 0 0 0 0 21 
23 24 24 21 0 0 0 0 0 21 21 21 21 21 21 0 0 0 0 0 0 0 0 0 0 0 21 21 21 23 21 0 0 21 23 23 23 23 23 0 0 0 0 23 23 23 23 23 23 23 23 23 23 23 23 0 0 0 0 0 0 0 0 0 0 0 0 0 0 0 0 0 0 0 0 21 21 0 0 0 0 0 0 23 0 0 23 23 23 23 23 23 23 21 21 21 21 23 23 23 0 0 0 0 0 0 0 0 0 0 0 0 0 0 23 23 23 23 21 21 23 23 21 21 0 0 0 21 
24 24 24 21 21 0 0 0 0 0 21 21 0 0 0 0 0 0 0 0 0 0 21 21 21 21 21 21 23 23 21 0 0 21 23 23 23 23 23 0 0 0 0 0 0 0 0 0 0 23 23 23 0 0 0 0 0 0 0 0 0 0 21 21 23 23 23 23 0 0 0 0 0 0 0 0 21 0 0 0 0 23 23 23 23 23 23 23 23 23 23 23 23 23 23 23 23 23 23 23 23 23 23 23 23 21 0 0 0 0 0 0 23 23 23 23 21 23 23 21 23 21 21 0 0 0 21 21 
24 23 21 21 21 21 0 0 0 0 0 0 0 0 0 0 0 21 23 23 21 21 21 21 21 23 0 21 23 23 21 0 0 21 21 23 23 23 23 23 0 0 0 0 0 0 0 0 0 0 0 0 0 0 23 23 23 23 0 0 0 23 21 23 23 21 21 23 23 23 23 0 0 0 0 0 0 0 0 0 23 23 23 23 23 23 23 23 23 23 23 23 23 23 23 23 23 23 23 23 23 23 23 23 23 23 23 21 23 23 23 23 23 23 23 21 21 21 23 21 23 21 0 0 0 0 0 21 
24 21 21 21 0 0 0 0 0 0 0 0 0 0 21 21 21 21 21 23 23 23 21 21 21 21 0 21 21 23 21 21 0 0 21 21 21 21 21 21 0 0 23 0 0 0 0 0 0 0 0 0 0 0 0 0 0 0 0 0 23 23 23 23 0 0 0 23 23 23 23 23 0 0 0 0 0 23 23 23 23 23 23 23 21 21 21 4 23 23 23 0 0 23 23 23 21 21 23 23 23 23 23 21 23 23 23 21 21 21 21 0 21 21 23 23 23 23 23 23 23 0 0 21 21 0 0 21 
21 21 21 0 0 0 0 0 0 0 21 21 21 21 21 21 21 21 21 21 21 21 23 23 23 21 0 0 21 21 21 21 0 0 0 0 0 0 0 0 0 23 23 23 0 0 0 0 0 0 0 0 0 0 0 0 0 0 0 23 23 23 23 23 0 0 0 0 0 0 0 23 0 0 0 23 23 23 23 23 23 23 21 21 22 21 21 4 23 23 23 0 0 23 23 0 21 21 21 23 23 21 21 21 21 23 23 0 21 21 21 0 0 0 0 0 0 23 23 23 0 0 0 0 0 0 0 21 
21 21 21 0 0 0 0 0 21 21 0 21 21 21 21 21 21 21 21 21 21 21 21 23 23 0 0 0 21 21 0 21 21 0 0 0 0 0 0 0 0 0 23 23 23 23 23 23 23 0 0 0 23 23 23 0 0 23 23 23 23 23 23 0 0 0 0 0 0 0 0 0 0 0 23 23 23 23 23 23 23 21 26 21 21 21 21 4 23 23 23 0 0 0 23 0 0 21 21 21 21 21 0 21 0 23 23 0 21 21 21 0 0 0 0 0 23 23 0 0 0 0 0 0 0 0 23 21 
24 21 0 0 0 0 0 0 0 0 0 21 0 0 0 0 0 21 21 21 21 21 21 21 23 0 0 0 0 21 0 21 21 21 21 0 0 21 21 21 21 0 0 23 23 23 23 23 23 23 23 23 23 23 23 23 0 23 23 0 23 23 23 23 0 0 0 0 0 0 0 0 0 0 0 0 23 23 23 23 0 0 21 21 21 26 0 0 23 23 0 0 0 0 23 0 0 21 0 21 21 0 0 0 0 23 0 0 0 21 0 0 0 0 0 23 0 0 0 0 0 0 0 0 0 23 23 21 
21 21 21 21 21 0 0 0 0 0 0 0 0 0 0 0 0 0 21 21 21 21 0 21 23 0 0 0 0 21 0 21 21 21 0 0 0 0 0 21 0 0 0 23 0 0 23 23 23 23 23 23 23 23 23 23 23 23 23 0 0 0 23 23 0 0 3 22 22 22 22 22 22 4 0 0 0 0 23 23 0 0 0 0 21 21 0 0 0 23 0 0 0 0 0 0 0 21 0 0 21 0 0 0 0 23 0 0 0 21 0 0 0 0 0 0 0 0 0 0 0 0 0 0 23 23 21 21 
23 23 21 21 21 21 0 0 0 0 0 0 0 3 22 22 4 0 21 21 21 0 0 21 23 0 0 0 0 21 0 0 21 21 0 0 0 0 0 0 0 0 0 0 0 0 0 0 23 23 0 0 23 23 23 23 23 23 0 0 0 0 23 23 23 0 0 0 21 21 21 21 21 22 4 0 0 0 23 23 0 0 0 0 21 0 0 0 0 23 0 0 0 0 0 0 0 0 0 0 21 0 0 0 21 23 21 0 0 0 0 0 0 0 0 0 0 0 0 0 0 0 23 23 23 21 23 21 
21 21 0 0 0 0 0 0 3 22 22 22 4 0 0 21 2 0 0 0 21 0 0 0 23 0 0 0 0 0 0 0 21 0 0 0 0 0 0 0 0 0 0 0 0 0 0 0 23 0 0 0 0 0 23 23 0 0 0 0 0 0 23 0 0 0 0 0 0 21 21 21 21 21 22 4 0 0 0 23 0 0 0 0 0 0 0 0 0 0 0 0 0 0 0 21 21 21 0 0 21 0 0 0 0 23 21 21 0 0 0 0 0 0 0 0 0 0 0 0 23 23 23 21 21 21 23 23 
21 0 0 0 0 0 0 3 22 21 21 21 22 4 0 21 22 22 4 0 0 3 22 4 0 0 0 0 0 0 0 0 21 0 0 0 0 1 21 2 0 0 0 0 0 0 0 0 0 0 0 0 0 0 23 0 0 0 0 0 0 0 0 3 22 22 22 4 0 0 21 21 0 21 0 0 0 0 0 23 0 0 0 0 0 0 0 0 0 0 0 0 0 21 21 21 0 21 21 0 21 0 0 0 0 0 21 21 21 21 21 0 0 0 0 0 0 0 0 23 21 21 21 21 21 21 21 23 
21 21 21 21 21 21 0 0 21 21 0 21 21 22 4 0 0 0 0 3 22 22 21 0 0 0 0 0 0 0 0 0 0 0 0 3 22 21 21 21 0 0 0 0 0 0 0 0 0 0 0 0 0 0 0 0 0 0 0 0 0 0 3 26 21 21 21 25 4 0 21 4 0 0 0 0 0 0 0 0 0 0 0 0 0 0 0 0 0 0 0 0 21 21 21 0 0 0 0 0 0 0 0 0 0 0 0 0 0 0 0 0 0 0 0 0 0 0 0 0 0 21 21 21 21 21 21 21 
21 21 23 21 21 21 21 0 0 21 0 0 0 0 0 0 0 0 3 22 21 21 21 21 0 0 0 0 0 0 0 0 0 0 0 0 0 21 21 4 3 22 22 22 22 22 22 22 4 3 22 22 4 0 0 0 0 0 0 0 3 26 21 21 25 21 4 21 4 0 21 4 0 0 0 0 0 0 0 0 0 0 0 0 0 0 0 0 0 0 0 21 21 0 0 0 0 0 0 0 0 0 0 0 0 0 0 0 0 0 0 0 0 0 3 22 22 4 0 0 0 0 0 21 21 21 21 21 
21 21 21 21 21 0 0 0 0 21 0 0 0 0 0 0 0 0 0 0 0 0 0 0 0 0 0 3 22 22 22 22 22 22 22 4 0 0 21 4 0 0 0 21 23 23 21 21 21 0 3 21 25 4 0 0 0 0 0 0 0 0 0 0 21 0 0 0 0 0 0 0 0 0 0 0 0 0 0 0 0 0 0 0 0 0 22 22 22 0 0 0 0 0 0 0 0 0 0 0 0 0 0 0 0 0 0 0 0 3 22 22 22 22 22 22 26 21 21 0 0 0 0 0 21 21 21 21 
7 0 0 0 0 0 0 0 0 0 0 0 0 0 0 3 22 22 4 3 22 22 22 22 22 4 0 0 0 21 21 21 21 21 21 21 4 0 0 0 0 0 0 21 21 23 23 21 21 0 0 3 21 25 4 0 0 3 22 22 22 4 0 0 0 0 0 0 0 0 0 0 0 0 0 0 0 0 0 0 0 0 3 22 22 22 21 22 21 22 4 0 0 0 0 21 21 0 0 0 0 3 22 22 22 22 22 4 0 0 0 21 21 21 0 21 0 0 0 0 0 0 21 21 21 0 21 21 
7 0 0 0 0 0 0 0 0 0 0 0 0 0 0 0 0 21 21 21 21 21 21 21 21 0 0 0 0 0 0 0 21 4 0 0 0 0 0 0 0 0 0 0 21 21 23 21 21 21 0 0 0 0 3 22 22 22 26 21 25 22 22 22 22 4 0 0 0 0 3 22 22 22 4 0 0 0 0 0 0 0 0 0 21 0 21 21 21 21 21 4 0 0 21 21 22 22 22 22 0 0 0 21 21 21 0 0 0 0 0 0 0 0 0 21 0 0 0 0 0 0 0 0 0 0 21 21 
22 22 4 0 0 0 0 0 0 0 3 22 22 22 4 0 0 0 0 0 0 0 21 21 0 0 22 0 0 0 0 0 0 0 0 3 22 22 22 4 0 0 0 0 0 21 23 23 21 21 0 0 0 0 0 0 21 21 21 21 21 23 24 25 4 0 3 22 4 0 0 21 21 21 22 22 22 22 22 22 22 4 0 0 0 0 0 0 0 0 0 0 0 0 0 21 21 22 22 4 0 0 0 0 21 21 0 0 0 0 0 0 0 0 0 0 0 21 21 22 22 4 0 0 0 0 21 21 
21 21 3 22 22 22 22 22 22 4 0 21 21 21 22 22 22 22 4 0 0 0 0 0 0 0 21 22 22 22 0 0 0 0 21 21 21 21 21 0 0 0 0 0 0 21 21 23 21 25 22 4 0 0 0 0 0 21 21 21 21 21 21 25 4 0 0 25 22 4 0 21 21 21 21 21 21 21 21 21 4 0 0 0 0 0 0 0 0 0 0 0 0 0 0 0 21 21 0 0 0 0 0 0 0 21 21 0 0 0 0 0 0 0 0 0 21 21 21 21 0 0 0 0 0 0 6 21 
21 25 22 26 21 23 21 21 21 21 21 21 21 21 21 21 21 21 3 22 22 22 22 22 22 4 0 0 0 0 0 0 0 0 0 0 0 0 21 21 4 0 3 22 22 26 21 21 21 21 0 0 0 0 0 0 21 21 21 0 21 21 21 0 0 0 0 21 21 0 0 0 21 21 21 21 21 0 0 0 0 0 0 0 3 22 22 22 22 22 22 22 4 0 0 0 0 21 0 0 0 0 0 0 0 0 21 21 0 0 0 0 0 0 0 21 21 0 0 21 0 0 0 0 0 0 6 21 
23 21 21 21 21 21 21 21 21 21 21 21 21 21 21 0 0 0 0 0 21 21 21 0 3 22 22 22 22 22 22 22 22 22 4 0 0 0 0 0 0 0 0 0 0 0 21 21 21 21 0 0 3 22 22 4 21 21 0 0 0 21 21 0 0 0 0 21 0 0 23 0 21 21 21 0 0 0 0 0 0 0 0 0 0 21 21 21 21 21 21 21 21 4 0 0 0 21 0 0 0 0 0 0 0 0 0 0 0 0 0 3 22 22 4 0 0 0 0 0 0 0 3 22 22 22 22 22 
21 21 21 0 0 21 21 0 21 21 21 0 21 21 0 0 0 0 0 0 0 0 0 0 0 0 21 21 21 21 21 21 0 0 0 0 0 3 22 4 0 0 0 0 0 0 0 21 21 23 0 0 0 0 21 21 21 21 0 0 0 21 0 0 0 0 0 0 0 23 23 0 0 21 21 0 0 0 0 0 0 0 0 21 21 21 21 21 4 21 21 21 4 0 0 0 0 0 0 3 22 22 22 22 22 4 0 0 0 3 22 22 21 0 0 0 0 0 0 0 0 3 22 26 21 21 21 21 
21 21 0 0 0 0 21 0 0 21 0 0 21 21 0 0 0 0 0 0 0 0 0 0 0 0 0 21 21 21 21 0 0 0 0 0 0 0 0 0 3 22 22 22 22 22 22 22 26 21 21 0 0 0 0 0 0 21 0 0 0 21 0 0 0 0 0 0 0 23 23 0 0 0 21 21 21 0 0 0 0 0 0 0 0 3 21 21 0 0 0 21 22 22 22 4 0 0 0 0 0 21 0 0 0 0 0 3 22 22 21 21 0 0 0 0 0 0 0 0 3 22 26 23 23 21 21 21 
21 21 0 0 0 0 0 0 0 0 0 0 0 21 0 0 0 0 0 0 0 0 0 0 0 0 0 0 0 0 21 0 0 0 3 22 22 4 0 0 0 0 0 0 0 0 0 0 0 21 21 0 0 0 0 0 0 0 0 0 0 0 0 0 0 0 0 23 23 23 23 0 0 0 21 21 21 21 21 22 22 22 22 4 0 0 3 21 0 0 0 21 0 0 0 0 0 0 0 0 0 0 0 0 0 0 0 0 0 0 0 0 0 0 3 22 22 22 22 22 22 21 21 21 23 23 21 21 
21 21 0 0 21 0 0 0 0 0 0 0 0 0 0 3 22 22 22 22 22 4 0 0 0 0 0 0 0 0 0 0 3 22 22 26 25 22 4 0 0 0 0 0 0 0 0 21 0 21 21 21 0 0 0 0 0 0 0 0 0 0 0 0 0 0 23 23 23 23 23 21 0 0 0 0 0 21 21 21 0 0 0 0 0 0 0 0 0 0 0 0 0 0 0 0 22 22 0 0 0 0 0 0 0 3 22 22 22 22 22 22 22 22 22 21 21 21 23 21 21 21 21 21 21 21 21 21 
21 0 0 0 21 21 21 21 0 0 0 0 0 0 0 0 0 21 21 21 21 22 22 22 22 22 22 22 22 21 22 22 22 21 21 21 21 4 0 0 0 0 0 0 0 21 21 21 21 21 21 25 22 22 4 0 0 0 0 0 0 0 0 0 0 23 23 23 23 23 21 21 21 0 0 0 0 0 0 0 0 0 0 0 0 0 0 0 0 0 0 0 0 0 21 21 21 21 22 22 0 0 21 21 0 0 0 21 21 21 21 21 21 21 0 0 0 21 23 23 23 21 0 21 21 21 21 21 
21 0 3 22 21 21 21 0 0 0 0 0 0 0 0 21 2 0 21 23 23 27 21 21 21 21 21 21 21 21 21 21 21 21 26 21 21 4 3 22 4 0 0 0 21 21 0 21 21 21 21 21 21 25 22 22 22 22 22 22 22 26 21 21 23 23 23 23 23 21 21 21 0 0 0 0 0 0 0 0 21 21 21 21 0 0 0 0 0 0 0 0 0 21 21 21 21 21 21 21 21 21 21 0 0 0 0 21 21 21 21 21 0 0 0 0 0 0 21 21 21 21 0 21 21 0 21 21 
21 0 0 0 21 0 0 0 0 0 0 0 0 0 21 21 2 0 21 21 23 21 24 21 21 21 25 21 21 21 25 21 21 21 21 21 21 21 0 21 21 4 0 0 0 0 0 0 21 21 21 21 23 21 21 21 21 21 21 21 21 21 23 23 23 23 23 23 21 21 21 0 0 0 0 0 3 21 21 21 21 4 21 21 21 22 4 0 0 0 21 22 21 21 4 21 21 21 21 0 0 0 21 0 0 21 21 21 21 21 21 0 0 0 0 0 0 0 0 21 21 0 0 21 21 0 21 21 
21 0 0 0 0 0 0 0 0 0 0 0 3 21 21 4 0 0 0 21 21 21 21 21 21 21 21 21 21 21 21 21 21 21 21 21 21 4 0 21 21 22 22 4 0 0 0 0 0 21 21 21 23 23 21 21 21 21 21 21 21 23 23 23 23 23 23 21 21 21 25 22 4 0 0 0 0 21 0 0 0 0 0 0 0 0 0 0 0 0 0 21 0 0 0 0 0 0 0 0 0 0 0 0 21 21 21 21 0 0 0 0 0 0 0 0 0 0 0 0 21 0 0 0 21 0 21 21 
25 22 22 22 22 22 22 22 22 22 4 21 21 21 4 0 0 0 0 0 0 0 21 21 21 0 21 21 21 21 21 21 21 21 21 21 21 4 0 0 21 21 0 0 0 0 0 3 22 26 21 23 23 23 23 21 21 21 23 23 23 23 23 23 23 21 21 21 21 21 21 25 22 22 22 4 0 0 0 0 0 0 0 0 0 0 0 22 22 4 0 0 0 0 0 0 0 0 0 0 0 0 22 22 21 0 0 0 0 0 0 0 0 0 0 0 0 0 0 0 0 0 0 0 0 0 21 21 
21 21 21 21 21 21 0 0 0 0 0 0 0 0 0 0 0 0 0 0 0 0 0 21 21 0 0 21 21 26 21 21 21 21 21 21 0 0 0 0 0 0 0 0 0 0 3 22 21 21 21 21 23 23 23 23 23 23 23 23 23 23 23 23 23 21 23 23 21 23 21 21 21 0 0 0 0 0 0 0 0 0 0 0 0 0 21 21 21 4 0 0 0 0 0 0 0 0 0 3 22 21 21 21 4 0 0 0 0 0 0 0 0 0 0 0 0 0 0 0 0 0 0 0 0 0 21 21 
23 21 21 24 21 25 22 0 0 0 0 0 0 0 0 0 0 0 0 0 0 0 0 21 0 0 0 0 21 0 0 0 0 0 0 21 0 0 0 0 0 0 0 3 22 22 22 21 21 21 21 21 23 23 23 23 23 23 23 23 23 23 23 23 23 21 23 23 23 23 23 21 0 0 3 22 22 22 22 22 22 22 22 4 0 21 21 0 0 0 21 21 0 0 0 0 0 0 0 0 21 21 21 0 0 0 0 0 0 0 0 0 0 0 0 0 0 0 0 0 0 0 0 0 0 0 21 21 
24 21 21 21 21 21 23 22 22 22 22 22 22 22 22 22 4 0 0 0 0 0 0 0 0 0 0 0 0 0 0 0 0 0 0 0 0 0 0 0 0 0 0 0 0 0 0 0 21 21 21 21 21 21 23 23 23 23 23 23 23 23 23 23 23 23 23 23 23 23 23 23 23 0 0 0 21 21 21 21 21 21 21 2 0 0 0 0 0 0 0 21 21 21 22 22 22 22 22 21 21 0 0 0 0 0 0 0 0 0 0 0 0 0 0 0 0 0 0 0 0 0 0 0 0 0 21 21 
23 21 21 21 21 23 23 23 21 21 21 0 0 0 0 0 0 0 0 0 0 0 0 0 0 0 0 0 0 0 0 0 0 0 0 0 3 22 22 21 22 4 0 0 0 0 0 0 21 21 21 21 21 21 23 23 23 23 23 23 23 23 21 23 23 23 23 23 23 23 23 23 23 23 0 0 0 21 21 0 21 21 25 22 21 21 0 0 0 0 0 0 0 21 21 21 21 21 21 21 0 0 0 0 0 0 0 0 0 3 22 22 22 22 22 22 22 22 22 4 0 0 0 0 0 0 21 21 
23 23 0 0 0 21 21 21 21 21 21 21 0 0 0 0 0 0 0 0 0 0 0 0 0 0 0 0 0 0 0 0 0 0 0 0 0 21 21 21 0 0 0 0 0 0 21 21 21 21 21 21 0 23 23 23 23 21 0 21 23 23 21 23 23 23 23 23 23 23 23 0 0 23 23 0 0 21 0 0 0 21 21 0 0 0 0 0 0 0 0 0 0 0 0 0 0 21 0 0 0 0 0 0 0 0 0 0 0 0 0 21 21 21 21 21 21 21 21 22 22 26 21 0 0 0 21 21 
21 23 0 23 0 0 0 0 21 21 21 25 22 22 22 22 22 22 22 22 22 4 0 0 0 0 0 0 0 0 0 0 0 0 3 22 4 0 21 0 0 0 0 0 0 21 21 21 21 21 0 0 0 23 23 23 21 21 0 0 23 23 0 0 23 23 23 23 23 23 21 0 0 0 0 0 0 0 0 0 0 21 0 0 0 0 0 3 22 22 4 0 0 0 0 0 0 0 0 0 0 0 3 22 22 22 22 22 4 0 0 0 0 21 21 21 21 21 21 21 21 0 0 0 0 0 21 21 
21 0 0 21 23 23 9 9 9 9 9 9 21 21 9 9 9 9 9 9 9 9 9 9 9 9 9 9 9 9 9 9 9 9 22 26 2 0 21 0 0 0 0 21 21 21 21 21 21 23 0 0 0 0 23 23 21 0 0 0 23 23 0 0 0 0 23 23 21 21 21 0 0 0 0 0 0 0 0 0 0 0 0 0 0 3 22 22 26 25 22 22 4 0 0 0 0 0 0 0 0 0 0 0 0 0 21 0 0 0 0 0 0 0 21 21 21 21 21 21 0 0 0 0 0 21 21 21 
21 0 21 21 21 23 23 23 10 10 10 10 21 10 10 10 10 10 10 10 10 10 10 10 10 10 10 10 10 10 10 10 21 21 21 23 23 0 0 0 0 21 21 21 21 21 23 23 23 23 0 0 0 0 23 23 21 0 0 0 23 0 0 0 0 0 23 23 23 21 0 0 0 0 0 0 0 0 0 0 0 0 0 0 0 0 0 21 21 21 21 0 0 0 0 0 0 0 0 0 21 0 0 0 0 0 0 0 0 0 0 0 0 0 21 21 21 21 0 0 0 0 0 0 0 21 21 21 
21 0 0 0 0 21 21 21 21 10 10 10 10 10 10 10 10 10 10 10 10 10 10 10 10 10 21 21 21 21 21 21 21 23 21 23 23 23 0 0 0 0 0 0 0 0 0 23 23 23 0 0 0 0 0 23 21 0 0 0 23 0 0 0 0 0 0 23 23 21 0 0 0 0 0 0 0 0 0 0 0 3 22 22 4 0 21 21 21 21 0 0 0 0 0 0 0 0 0 0 0 0 0 0 0 0 0 0 0 0 0 0 0 0 0 21 21 0 0 0 0 0 0 0 21 21 21 21 
23 21 0 0 0 0 0 21 21 21 21 21 10 10 10 10 10 10 10 10 10 10 10 10 21 21 21 21 21 21 21 23 23 23 23 0 0 23 23 0 0 0 0 0 0 0 0 0 23 0 0 0 0 0 0 23 0 0 0 0 23 0 0 0 0 0 0 23 21 0 0 0 0 0 0 0 0 0 0 0 0 0 21 21 21 21 21 21 0 21 0 0 0 0 0 3 22 22 22 22 22 22 22 22 22 22 22 22 4 0 0 0 0 0 0 0 21 0 0 0 0 0 0 21 21 21 21 21 
23 23 21 0 0 0 0 0 0 21 21 21 21 21 10 10 10 10 10 10 10 10 10 21 21 21 21 21 21 23 23 23 23 0 23 0 0 0 23 0 0 0 0 0 0 0 0 0 23 0 0 0 0 0 0 23 0 0 0 0 0 0 0 0 0 0 0 0 0 0 0 0 0 0 0 0 0 3 22 22 0 0 0 21 21 0 0 0 0 0 0 0 0 0 0 0 0 0 0 0 21 21 21 21 21 21 21 0 0 0 0 0 0 0 0 0 21 0 0 0 0 0 21 21 21 21 21 21 
23 23 23 0 0 0 0 0 0 0 21 23 21 21 21 10 10 10 10 10 10 10 21 21 21 21 21 21 21 23 23 23 23 0 0 0 0 0 0 0 0 0 0 0 0 0 0 0 0 0 0 0 0 0 0 23 0 0 0 0 0 0 0 0 0 0 0 0 0 0 0 0 0 0 0 0 0 0 21 21 0 0 0 0 21 0 0 0 0 0 0 3 22 22 4 0 0 0 0 0 0 0 21 21 21 0 0 0 0 0 0 0 21 0 21 0 0 0 0 0 0 21 21 0 21 21 21 21 
23 23 23 21 0 0 0 0 0 0 21 21 21 21 21 21 10 10 10 10 10 10 21 21 21 21 23 27 21 23 23 23 23 23 0 0 0 0 0 0 0 0 0 0 0 0 0 0 0 0 0 0 0 0 0 0 0 0 0 0 0 0 0 0 0 3 22 22 22 22 22 22 22 22 22 22 4 0 0 21 21 0 0 0 0 0 0 0 0 0 0 0 0 0 0 0 0 0 0 0 0 0 0 21 21 0 0 0 0 0 0 0 0 21 21 0 21 0 0 21 21 21 0 0 0 21 21 21 
23 21 23 21 21 0 0 0 0 21 21 21 21 21 21 21 21 10 10 10 10 10 28 23 21 21 21 21 23 23 23 23 23 23 23 23 0 0 0 0 0 0 0 0 0 0 0 0 0 0 0 0 0 0 0 0 0 0 0 0 0 3 22 4 0 0 0 21 21 21 21 21 21 21 21 0 0 0 0 0 0 3 22 22 22 22 4 0 0 0 0 0 0 0 0 0 3 22 22 22 4 0 0 21 21 21 0 21 21 21 0 0 0 0 21 21 0 0 21 21 0 0 0 0 0 21 9 21 
23 21 23 0 0 0 0 23 0 21 21 21 23 21 21 21 21 21 10 10 10 10 21 21 21 21 21 23 23 23 23 23 23 23 23 0 0 0 0 0 0 0 0 0 0 0 0 0 0 3 22 22 22 4 0 0 0 0 0 0 0 0 0 0 0 0 0 0 0 0 21 21 21 21 0 3 22 22 4 0 0 0 0 0 21 21 22 22 4 0 0 0 0 0 0 0 21 21 21 0 0 0 21 21 0 21 21 21 0 0 0 0 21 0 0 0 0 0 0 0 0 0 0 0 0 21 10 21 
23 21 23 0 0 0 23 21 28 21 21 21 23 23 23 21 21 21 21 10 10 10 21 21 21 21 21 21 21 21 23 23 23 23 23 0 0 0 0 3 22 22 22 22 22 22 22 4 0 0 0 0 3 22 22 22 22 22 22 4 0 0 0 0 0 0 0 0 0 0 0 0 21 0 0 0 21 21 22 22 4 0 0 21 21 0 0 0 21 0 0 3 22 22 22 4 0 21 21 0 0 0 0 0 0 0 0 0 0 0 0 21 21 21 0 0 21 0 0 0 0 0 0 0 0 0 10 21 
23 21 0 0 0 23 21 21 28 23 23 23 23 23 23 23 21 21 21 10 10 10 21 21 21 24 21 21 21 21 23 23 24 23 23 0 0 0 0 1 21 21 21 21 21 2 0 0 0 0 0 0 0 0 0 0 0 0 0 0 0 0 0 0 0 0 0 0 0 0 0 0 0 0 0 0 0 21 21 0 0 0 0 0 0 0 0 0 0 0 0 0 0 0 0 0 21 0 21 21 21 0 0 0 0 0 0 0 21 0 21 21 0 0 0 0 21 21 0 21 25 0 0 0 0 0 10 21 
21 21 0 0 0 21 21 23 23 23 23 23 23 23 23 23 21 21 21 21 10 10 10 21 21 24 24 21 21 21 21 21 24 23 23 23 0 1 21 21 21 21 21 21 21 2 0 3 22 22 4 0 0 0 0 0 0 0 0 0 0 0 0 0 0 0 3 22 22 22 22 4 0 0 0 0 0 0 21 0 0 0 3 22 22 22 22 22 22 22 4 0 0 0 0 0 0 0 0 0 21 21 0 0 0 0 22 22 21 0 21 0 0 0 0 21 21 21 21 21 21 21 22 4 0 0 10 21 
21 21 0 0 21 23 23 23 23 23 23 0 0 0 21 21 21 21 21 21 21 10 10 10 21 21 21 21 21 21 21 24 24 21 21 21 21 21 21 21 21 21 21 21 2 0 0 0 0 0 0 0 3 22 22 22 22 22 4 0 0 0 0 0 0 0 0 0 0 21 0 0 0 0 0 0 0 0 0 0 0 0 0 0 21 21 0 0 0 0 0 0 0 3 22 22 4 0 0 0 0 0 0 3 22 22 21 0 0 0 0 0 0 1 21 21 0 0 0 0 21 21 0 0 3 22 10 21 
21 21 0 0 0 23 23 23 23 23 0 0 0 0 21 21 21 21 21 21 21 10 21 10 10 10 10 21 21 21 24 24 21 21 21 21 21 21 21 23 21 21 21 2 0 0 0 0 0 0 0 0 0 0 0 0 0 0 0 3 22 22 22 22 4 0 0 0 0 0 0 0 0 0 0 0 0 0 0 0 0 0 0 0 0 0 0 0 0 0 0 3 22 22 21 0 0 0 0 0 0 0 0 0 0 0 0 0 0 0 0 21 21 1 21 0 0 0 0 0 0 21 22 22 22 0 10 21 
21 0 0 0 23 23 23 23 23 23 0 0 0 21 21 21 21 21 24 21 21 10 21 21 21 10 10 10 21 21 21 21 21 21 21 23 23 21 21 23 23 21 21 2 0 0 0 0 0 0 0 0 0 0 0 0 0 0 0 0 0 0 0 0 0 0 0 0 0 0 0 0 0 0 0 0 0 0 0 0 0 0 0 0 0 0 0 0 0 0 0 0 0 0 0 0 0 0 0 0 0 0 0 0 0 0 0 1 21 21 21 21 0 0 0 0 0 0 0 0 0 0 0 0 0 0 10 21 
21 0 0 23 0 23 23 23 23 0 0 0 0 21 0 21 0 21 21 21 21 10 21 21 21 21 10 10 10 10 21 21 21 21 21 23 23 21 21 23 21 21 21 25 22 22 22 22 22 9 9 9 9 9 9 9 9 22 22 22 22 22 22 22 22 22 9 9 9 9 9 9 9 9 9 9 9 9 9 9 9 9 9 9 9 9 9 9 9 9 9 22 22 22 22 4 0 0 0 0 0 0 3 22 22 22 4 0 0 21 21 0 0 0 0 0 0 0 21 21 21 21 21 21 0 0 10 21 
21 0 0 0 0 0 23 23 0 0 0 0 21 21 0 21 0 0 21 21 23 10 23 21 21 21 21 21 10 10 10 10 21 21 21 21 21 21 21 21 21 21 23 23 21 21 21 10 10 10 10 10 10 10 10 10 10 21 21 21 21 21 21 21 21 21 21 10 10 10 10 10 10 10 10 10 10 10 10 10 10 10 10 10 10 10 10 10 10 10 10 23 21 0 0 0 0 0 0 0 0 0 0 0 0 0 0 0 0 0 21 0 0 0 0 0 1 21 21 21 26 26 25 22 22 22 10 22 
21 21 0 0 0 0 0 23 0 0 0 0 0 0 0 21 0 0 21 21 23 10 23 23 23 21 21 21 21 10 10 10 10 21 21 21 21 21 21 21 21 23 23 21 21 21 10 10 10 10 10 10 21 21 21 21 21 21 23 23 21 21 21 21 21 21 23 10 10 10 10 10 10 10 10 10 10 10 10 10 10 10 10 10 10 10 10 10 10 10 23 21 21 0 0 3 22 22 4 3 22 22 22 22 22 22 22 4 0 0 0 0 21 0 0 0 0 0 0 0 0 0 0 0 21 21 10 21 
23 21 21 0 0 0 0 0 0 0 21 21 0 0 0 0 0 0 21 23 23 10 0 0 23 23 23 21 21 10 10 10 10 10 21 21 10 10 10 10 10 21 21 21 21 10 10 10 10 10 10 10 10 10 10 10 21 21 21 23 21 21 21 23 23 21 21 21 10 10 10 10 10 10 10 10 10 10 10 10 10 10 10 10 10 10 10 10 10 10 23 21 21 0 0 0 21 25 22 22 26 21 21 21 21 21 21 0 0 25 21 26 21 21 0 0 0 0 0 0 0 21 21 21 21 21 10 21 
23 21 21 21 0 0 0 0 0 21 21 0 0 0 0 0 0 21 23 23 0 10 0 0 0 0 23 23 21 10 10 10 10 10 10 21 10 10 10 10 10 10 21 21 10 10 10 10 10 10 10 10 10 10 10 21 21 21 21 23 21 21 21 21 23 23 21 21 21 21 10 10 10 10 10 10 10 10 10 10 10 10 10 10 10 10 10 10 10 21 21 21 21 0 0 0 0 21 21 21 21 21 21 21 21 21 0 0 0 0 21 21 25 21 21 21 21 0 0 0 21 21 21 21 21 0 10 21 
23 23 21 21 21 0 0 0 0 0 0 0 0 21 21 21 21 23 23 0 0 10 0 0 0 0 0 23 21 10 10 10 10 10 10 10 10 10 21 21 21 10 10 10 10 10 10 10 10 10 10 10 10 10 21 21 21 23 21 21 21 21 21 21 21 21 21 21 21 21 10 10 10 10 10 10 10 10 10 10 10 10 10 10 10 10 10 10 21 21 21 23 21 0 0 0 0 21 21 21 21 21 0 0 21 0 0 0 0 0 0 21 21 21 21 21 0 0 0 21 21 21 21 21 0 0 10 21 
23 23 21 21 21 21 21 21 21 21 0 0 21 21 23 23 23 0 0 0 0 10 0 0 0 0 23 23 21 21 10 10 10 10 10 10 21 21 23 23 21 21 10 10 10 10 10 10 10 10 10 10 10 21 21 21 23 23 23 21 21 21 21 21 21 21 21 21 21 21 23 10 10 10 10 10 10 10 10 10 10 10 10 10 10 10 10 21 21 21 21 23 21 0 0 0 0 21 21 21 0 0 0 0 0 0 0 0 0 0 0 0 0 0 0 0 0 0 0 21 21 21 0 0 0 0 10 23 
23 23 23 21 21 21 21 21 21 21 0 0 0 0 0 0 0 0 0 0 0 10 0 0 0 23 23 23 23 21 21 10 10 10 10 21 23 23 23 23 21 21 21 10 21 21 21 10 10 10 10 10 21 23 23 21 21 21 21 21 21 21 23 23 21 21 21 21 21 21 21 23 10 10 10 10 10 10 10 10 10 10 10 10 10 10 10 21 21 21 23 23 21 0 0 0 0 0 21 21 0 0 0 0 0 0 0 0 0 21 0 0 0 0 0 0 0 0 21 21 21 21 9 9 9 9 10 23 
23 23 23 23 21 23 21 21 21 21 21 0 0 0 0 0 0 0 0 0 0 10 0 0 23 23 23 23 23 23 23 23 23 23 21 23 23 23 21 23 23 21 21 21 21 21 21 21 10 10 10 21 23 23 23 21 21 21 21 21 21 21 23 23 21 21 21 21 21 21 23 21 23 10 10 10 10 10 10 10 10 10 10 10 10 21 21 23 21 23 23 23 21 0 0 0 0 0 0 21 0 0 0 0 0 0 0 21 0 21 21 0 0 0 0 0 0 21 21 21 21 21 21 10 10 10 10 23 
23 23 23 23 23 23 21 21 21 21 21 21 0 0 0 0 21 0 0 0 0 10 0 23 23 23 23 0 23 23 23 21 21 21 21 23 23 21 21 21 23 23 23 23 23 21 21 23 23 23 23 23 23 23 23 21 21 21 21 21 21 21 21 21 21 21 21 21 21 23 23 21 21 23 23 10 10 10 10 10 10 10 10 10 23 21 21 21 23 23 23 23 21 0 0 0 0 0 0 21 0 3 21 22 4 0 21 21 21 21 21 0 0 21 0 0 21 21 21 21 0 21 21 21 21 10 10 23 
23 23 23 23 23 21 21 21 21 21 0 0 0 0 0 21 21 21 0 0 0 10 0 0 0 0 0 0 0 23 23 21 0 0 23 23 23 23 0 0 21 21 21 0 23 23 23 23 23 23 23 23 23 23 23 21 21 21 21 21 21 23 23 23 23 23 23 21 21 23 21 21 21 21 21 23 23 10 10 10 10 10 23 23 21 21 21 21 23 23 21 23 21 21 0 0 0 0 0 0 0 0 21 21 0 0 0 21 21 21 0 0 21 21 21 0 0 0 0 0 0 0 0 0 21 21 10 23 
23 21 23 23 23 21 21 21 21 21 0 0 0 0 21 21 21 21 21 0 0 10 0 0 0 0 0 0 0 0 23 21 0 0 0 23 23 0 0 0 0 21 0 0 23 23 23 23 24 24 24 23 23 0 0 0 21 21 23 23 23 23 0 0 0 0 23 23 23 0 0 0 21 21 21 21 23 23 23 10 23 23 23 21 21 21 21 21 21 21 21 21 21 21 21 0 0 0 0 0 3 21 26 21 21 4 0 0 21 0 0 21 21 21 21 21 21 0 0 0 0 0 0 0 0 21 21 23 
23 23 23 23 23 21 21 21 0 0 0 0 0 0 0 0 0 21 21 21 0 10 0 0 0 23 23 23 0 0 23 0 0 0 0 23 0 0 0 0 0 0 0 0 0 23 23 0 0 23 24 23 23 0 0 0 23 23 23 0 0 0 0 0 0 0 0 0 0 0 0 0 0 21 21 21 21 21 21 23 21 21 21 21 21 21 21 21 21 21 21 21 21 21 21 21 0 0 0 3 21 26 21 21 25 21 4 0 0 0 0 0 0 0 0 0 0 21 0 0 0 0 21 21 0 0 21 23 
23 23 23 23 23 21 21 21 21 0 0 0 21 21 0 0 0 0 0 0 0 10 0 23 23 23 23 23 23 0 0 0 0 0 0 0 0 0 0 0 0 0 0 0 0 0 23 0 0 0 24 24 0 0 0 23 23 0 0 0 0 0 0 0 0 0 0 0 0 0 0 0 0 0 0 21 21 21 21 21 21 21 21 21 21 21 21 21 21 21 21 21 21 0 0 0 0 21 0 0 0 21 21 25 21 25 21 4 0 0 0 0 0 0 0 21 0 0 0 0 21 21 21 21 21 21 23 23 
23 23 23 23 21 21 21 21 21 0 0 0 0 0 3 22 4 0 0 0 0 10 0 0 0 23 23 23 0 0 0 0 0 23 23 0 0 23 0 0 0 0 0 0 0 0 0 0 0 0 23 24 0 0 0 0 0 0 0 0 0 0 0 0 0 0 0 0 0 0 0 0 0 0 0 0 0 21 21 21 21 21 21 21 0 0 21 21 21 21 21 21 0 0 0 0 21 21 21 0 0 21 21 21 21 0 0 0 0 0 0 21 21 21 21 21 0 0 0 0 0 21 21 21 23 23 23 23 
23 23 23 21 21 21 21 21 21 21 21 0 0 0 0 21 22 22 22 22 4 10 0 0 0 23 0 0 0 0 23 23 23 23 0 0 0 24 24 23 0 0 0 0 0 0 0 0 0 23 23 23 0 0 0 0 0 0 0 0 0 23 23 23 23 23 23 23 23 23 0 0 0 0 0 21 0 0 0 0 21 21 21 0 0 0 0 21 21 21 21 0 0 0 0 0 0 0 21 21 21 21 21 21 0 0 0 0 0 21 21 21 21 21 21 21 21 21 0 0 0 0 0 21 21 23 23 23 
23 21 23 21 21 0 21 21 21 21 21 21 21 0 0 0 21 21 21 21 0 10 0 0 0 0 0 0 0 0 0 0 0 0 0 0 0 23 24 23 23 23 0 0 0 0 0 23 23 23 23 0 0 0 0 0 0 24 23 23 23 23 23 23 23 0 0 0 0 0 0 0 0 21 21 21 0 0 0 0 0 0 0 0 0 0 0 21 21 21 21 0 0 21 21 21 21 21 21 21 21 21 21 21 0 0 0 0 0 0 21 21 23 23 23 23 21 0 0 0 0 0 0 0 21 23 23 23 
23 21 21 21 0 0 0 0 21 21 21 21 21 21 0 0 0 21 21 0 0 10 0 0 0 0 0 0 0 3 22 22 22 22 4 0 0 23 21 23 0 0 0 0 0 0 23 23 23 0 0 0 0 0 0 0 23 24 23 23 23 23 23 23 0 0 0 0 0 0 0 0 21 21 21 21 21 0 0 0 0 0 0 0 0 0 0 21 21 21 0 0 0 0 21 21 21 21 21 21 21 21 21 21 0 21 23 23 21 0 0 21 21 23 23 23 0 0 0 0 21 21 21 21 21 21 23 23 
23 21 21 21 0 0 0 0 0 0 0 0 0 0 0 0 0 21 21 0 0 10 0 0 0 0 0 3 22 22 21 21 21 0 0 3 22 23 21 0 0 0 0 0 0 0 0 0 0 0 0 0 0 0 23 23 24 24 23 23 23 23 0 0 0 0 0 0 0 0 0 0 0 21 21 21 0 0 23 23 23 0 0 0 0 0 0 0 21 0 0 0 0 0 0 21 0 21 0 0 21 21 21 0 0 21 21 23 23 21 0 0 23 23 23 0 0 0 0 21 21 21 21 23 21 21 23 23 
21 21 21 21 0 0 0 0 0 0 0 0 0 0 0 0 0 21 0 0 0 10 3 22 22 22 22 22 21 21 21 21 0 0 0 1 21 23 21 0 0 0 23 23 23 0 0 0 0 0 0 0 0 23 23 23 23 23 23 23 0 23 23 0 0 0 0 0 23 23 23 0 0 21 21 23 23 23 24 24 24 23 0 0 0 0 0 0 0 0 0 0 0 0 0 0 0 0 0 0 21 0 0 0 21 21 21 23 0 21 0 0 23 23 0 0 0 0 21 21 21 21 21 23 23 21 23 23 
21 23 21 0 0 0 0 21 21 21 21 21 21 0 0 0 0 0 0 0 0 10 0 0 21 21 21 21 21 21 0 0 0 0 3 22 21 23 21 0 0 0 23 23 23 23 23 23 24 24 23 23 23 23 23 23 23 23 0 0 0 0 23 23 0 0 0 0 0 23 24 23 23 23 23 24 24 24 0 23 23 23 23 23 23 0 0 0 0 0 0 0 0 0 0 0 0 0 0 0 0 0 0 0 21 0 0 23 0 0 0 0 23 0 0 0 0 0 21 23 23 21 21 23 21 21 21 23 
23 23 21 0 0 0 21 21 0 21 21 21 21 21 0 0 0 0 0 0 0 10 0 0 0 0 0 21 21 0 0 0 0 0 1 21 21 23 21 21 0 0 0 23 23 23 23 23 23 24 24 24 23 23 0 0 0 0 0 0 0 0 0 0 0 0 23 23 23 23 0 24 24 24 0 0 0 0 0 0 23 24 23 23 0 0 0 0 0 0 0 0 0 0 0 0 0 0 0 0 0 0 0 0 0 0 0 23 0 0 0 0 0 0 0 0 0 21 21 21 23 23 21 21 21 21 21 23 
21 23 21 0 0 21 21 0 0 0 21 0 0 0 0 0 0 0 0 0 0 10 0 0 0 0 0 0 0 0 0 0 0 3 22 21 21 23 21 21 0 0 0 0 0 0 23 23 23 0 23 23 23 0 0 0 0 0 0 0 0 0 0 0 0 0 0 0 0 0 0 0 23 0 0 0 0 0 0 0 0 0 24 0 0 0 0 0 0 0 0 21 21 21 21 21 21 21 21 21 0 0 0 0 0 0 0 0 0 0 0 0 0 21 21 21 21 21 21 21 21 21 21 21 21 21 23 23 
21 21 21 0 0 0 0 0 0 0 0 0 0 0 0 0 0 0 0 0 0 10 0 0 0 0 0 0 0 0 0 0 0 1 21 21 23 23 23 21 21 0 0 0 0 0 0 0 0 0 0 23 0 0 0 0 0 0 0 0 0 0 21 21 21 21 21 0 0 0 0 0 0 0 0 0 21 0 0 0 0 0 0 0 0 0 0 0 0 21 21 21 21 21 21 21 21 21 21 21 21 0 0 0 0 0 0 0 0 0 0 0 21 21 23 23 23 21 21 21 21 21 21 21 23 23 21 23 
21 21 21 22 22 22 22 22 22 22 22 22 9 9 9 9 9 9 9 9 9 10 9 9 9 9 9 9 9 9 9 9 9 22 21 21 23 23 21 23 21 21 21 21 0 0 0 0 0 0 0 0 0 0 0 0 21 21 23 21 21 21 21 23 23 21 21 21 21 0 0 0 0 0 0 0 21 0 0 21 0 0 0 0 0 0 0 0 21 21 21 21 21 21 23 23 21 21 21 21 23 21 21 9 9 9 9 9 9 9 21 21 21 21 23 21 21 21 21 21 21 21 21 23 23 21 21 21 
21 23 21 21 21 21 21 21 21 23 23 21 21 23 21 21 21 21 21 10 10 10 10 10 10 10 10 10 10 21 21 23 23 23 23 23 23 23 21 23 21 21 21 21 21 23 23 21 21 21 21 21 24 24 24 21 21 21 23 23 23 23 21 21 23 23 21 21 21 21 0 0 0 0 0 21 21 21 0 0 0 0 0 0 0 0 0 21 21 21 21 21 21 21 23 23 23 21 21 23 23 23 21 21 21 10 10 10 10 21 21 21 21 21 21 21 21 21 21 21 21 21 23 23 21 21 24 21 
21 23 21 21 21 21 21 21 21 21 21 21 21 21 21 23 23 23 23 23 23 23 23 23 23 23 23 23 23 23 23 23 21 21 21 21 21 23 23 23 23 21 21 21 21 23 21 21 21 21 21 21 21 21 24 24 24 23 23 24 24 23 21 21 21 21 21 21 21 21 21 21 21 21 21 21 21 21 21 21 0 0 21 21 21 0 0 21 21 21 21 21 21 21 23 23 23 21 21 21 21 21 21 21 21 21 21 21 21 21 21 21 21 21 21 21 21 21 21 21 23 23 23 21 24 24 21 21 
21 23 23 21 21 21 21 21 21 21 21 21 23 21 21 21 21 23 23 23 23 23 21 21 21 21 21 21 21 21 21 21 21 21 21 21 23 23 23 23 23 23 21 21 21 23 21 21 21 21 21 21 23 23 23 23 24 24 24 24 23 21 23 23 21 21 23 21 21 21 21 21 21 21 21 21 21 21 21 21 21 21 21 21 21 21 21 21 21 23 23 23 23 23 23 23 23 23 21 21 21 21 21 21 21 21 21 21 23 23 21 21 21 21 21 21 21 21 23 23 23 21 24 24 24 21 21 21 
21 21 21 21 21 21 21 21 23 23 21 21 21 21 21 21 21 21 21 21 21 21 21 23 21 21 21 21 21 21 23 23 23 23 23 23 23 21 21 21 21 21 21 21 21 21 21 21 21 21 21 21 21 21 21 23 23 23 21 21 21 21 21 21 21 21 21 21 21 21 21 21 21 21 21 21 21 21 21 21 21 21 21 21 21 21 21 23 23 23 23 23 23 23 23 23 23 23 23 21 21 21 21 21 21 21 21 21 23 23 21 21 21 21 21 21 23 23 23 21 21 21 21 21 21 21 21 21 
