128
128
23 23 23 23 23 23 23 23 23 23 23 23 23 23 23 23 23 23 23 23 23 23 23 23 23 23 23 23 23 23 23 23 23 23 23 23 23 23 23 23 23 23 23 23 23 23 23 23 23 23 23 23 23 23 23 23 23 23 23 23 23 23 23 23 23 23 23 23 23 23 23 23 23 23 23 23 23 23 23 23 23 23 23 23 23 23 23 23 23 23 23 23 23 23 23 23 23 23 23 23 23 23 23 23 23 23 23 23 23 23 23 23 23 23 23 23 23 23 23 23 23 23 23 23 23 23 23 23 
23 23 23 23 23 23 23 23 23 23 23 23 23 23 23 23 23 23 23 23 23 23 23 23 23 23 23 23 23 23 23 23 23 23 23 23 23 23 23 23 23 23 23 23 23 23 23 23 23 23 23 23 23 23 23 23 23 23 23 23 23 23 23 23 23 23 23 23 23 23 23 23 23 23 23 23 23 23 23 23 23 23 23 23 23 23 23 23 23 23 23 23 23 23 23 23 23 23 23 23 23 23 23 23 23 23 23 23 23 23 23 23 23 23 23 23 23 23 23 23 23 23 23 23 23 23 23 23 
23 23 23 23 23 23 23 23 23 23 23 23 23 23 23 23 23 23 23 23 23 23 23 23 23 23 23 23 23 23 23 23 23 23 23 23 23 23 23 23 23 23 23 23 23 23 23 23 23 23 23 23 23 23 23 23 23 23 23 23 23 23 23 23 23 23 23 23 23 23 23 23 23 23 23 23 23 23 23 23 23 23 23 23 23 23 23 23 23 23 23 23 23 23 23 23 23 23 23 23 23 23 23 23 23 23 23 23 23 23 23 23 23 23 23 23 23 23 23 23 23 23 23 23 23 23 23 23 
23 23 23 23 23 23 23 23 23 23 23 23 23 23 23 23 23 23 23 23 23 23 23 23 23 23 23 23 23 23 23 23 23 23 23 23 23 23 23 23 23 23 23 23 23 23 23 23 23 23 23 23 23 23 23 23 23 23 23 23 23 23 23 23 23 23 23 23 23 23 23 23 23 23 23 23 23 23 23 23 23 23 23 23 23 23 23 23 23 23 23 23 23 23 23 23 23 23 23 23 23 23 23 23 23 23 23 23 23 23 23 23 23 23 23 23 23 23 23 23 23 23 23 23 23 23 23 23 
23 23 23 23 23 23 23 23 23 23 23 23 23 23 23 23 23 23 23 23 23 23 23 23 23 23 23 23 23 23 23 23 23 23 23 23 23 23 23 23 23 23 23 23 23 23 23 23 23 23 23 23 23 23 23 23 23 23 23 23 23 23 23 23 23 23 23 23 23 23 23 23 23 23 23 23 23 23 23 23 23 23 23 23 23 23 23 23 23 23 23 23 23 23 23 23 23 23 23 23 23 23 23 23 23 23 23 23 23 23 23 23 23 23 23 23 23 23 23 23 23 23 23 23 23 23 23 23 
23 23 23 23 23 23 23 23 23 23 23 23 23 23 23 23 23 23 23 23 23 23 23 23 23 23 23 23 23 23 23 23 23 23 23 23 23 23 23 23 23 23 23 23 23 23 23 23 23 23 23 23 23 23 23 23 23 23 23 23 23 23 23 23 23 23 23 23 23 23 23 23 23 23 23 23 23 23 23 23 23 23 23 23 23 23 23 23 23 23 23 23 23 23 23 23 23 23 23 23 23 23 23 23 23 23 23 23 23 23 23 23 23 23 23 23 23 23 23 23 23 23 23 23 23 23 23 23 
23 23 23 23 23 23 23 23 23 23 23 23 23 23 23 23 23 23 23 23 23 23 23 23 23 23 23 23 23 23 23 23 23 23 23 23 23 23 23 23 23 23 23 23 23 23 23 23 23 23 23 23 23 23 23 23 23 23 23 23 23 23 23 23 23 23 23 23 23 23 23 23 23 23 23 23 23 23 23 23 23 23 23 23 23 23 23 23 23 23 23 23 23 23 23 23 23 23 23 23 23 23 23 23 23 23 23 23 23 23 23 23 23 23 23 23 23 23 23 23 23 23 23 23 23 23 23 23 
23 23 23 23 23 23 23 23 23 23 23 23 23 23 23 23 23 23 23 23 23 23 23 23 23 23 23 23 23 23 23 23 23 23 23 23 23 23 23 23 23 23 23 23 23 23 23 23 23 23 23 23 23 23 23 23 23 23 23 23 23 23 23 23 23 23 23 23 23 23 23 23 23 23 23 23 23 23 23 23 23 23 23 23 23 23 23 23 23 23 23 23 23 23 23 23 23 23 23 23 23 23 23 23 23 23 23 23 23 23 23 23 23 23 23 23 23 23 23 23 23 23 23 23 23 23 23 23 
23 23 23 23 23 23 23 23 23 23 23 23 23 23 23 23 23 23 23 23 23 23 23 23 23 23 23 23 23 23 23 23 23 23 23 23 23 23 23 23 23 23 23 23 23 23 23 23 23 23 23 23 23 23 23 23 23 23 23 23 23 23 23 23 23 23 23 23 23 23 23 23 23 23 23 23 23 23 23 23 23 23 23 23 23 23 23 23 23 23 23 23 23 23 23 23 23 23 23 23 23 23 23 23 23 23 23 23 23 23 23 23 23 23 23 23 23 23 23 23 23 23 23 23 23 23 23 23 
23 23 23 23 23 23 23 23 23 23 23 23 23 23 23 23 23 23 23 23 0 0 0 0 0 0 0 0 0 0 23 23 23 23 23 23 23 23 23 23 23 23 23 23 23 23 23 23 23 23 23 23 23 23 23 23 23 23 23 23 23 23 23 23 23 23 23 23 23 23 23 23 23 23 23 23 23 23 23 23 23 23 23 23 23 23 23 23 23 23 23 23 23 23 23 23 23 23 23 23 23 23 23 23 23 23 23 23 23 23 23 23 23 23 23 23 23 23 23 23 23 23 23 23 23 23 23 23 
23 23 23 23 23 23 23 23 23 23 23 23 23 23 0 0 0 0 0 0 0 0 0 0 0 0 0 0 0 0 0 23 23 23 23 23 23 23 23 23 0 0 0 0 0 0 0 0 0 0 0 0 0 0 0 0 0 0 0 0 0 0 0 0 0 0 0 0 0 0 0 0 0 0 0 0 0 0 0 0 0 0 0 0 0 0 0 0 0 0 0 0 0 0 0 0 0 0 0 0 0 0 0 0 23 23 23 23 23 23 23 23 23 23 23 23 23 23 23 23 23 23 23 23 23 23 23 23 
23 23 23 23 23 23 23 23 23 23 23 23 23 0 0 0 0 0 0 0 0 0 0 0 0 0 0 0 0 0 0 0 0 0 23 23 23 23 0 0 0 0 0 0 0 0 0 0 0 0 0 0 0 0 0 0 0 0 0 0 0 0 0 0 0 0 0 0 0 0 0 0 0 0 0 0 0 0 0 0 0 0 0 0 0 0 0 0 0 0 0 0 0 0 0 0 0 0 0 0 0 0 0 0 0 0 23 23 23 23 23 23 23 23 23 23 23 23 23 23 23 23 23 23 23 23 23 23 
23 23 23 23 23 23 23 23 23 23 23 23 23 0 0 0 0 0 0 0 0 0 0 0 0 0 0 0 0 0 0 0 0 0 0 0 0 0 0 0 0 0 0 0 0 0 0 0 0 0 0 0 0 0 0 0 0 0 0 0 0 0 0 0 0 0 0 0 0 0 0 0 0 0 0 0 0 0 0 0 0 0 0 0 0 0 0 0 0 0 0 0 0 0 0 0 0 0 0 0 0 0 0 0 0 0 0 0 23 23 23 23 23 23 23 23 23 23 23 23 23 23 23 23 23 23 23 23 
23 23 23 23 23 23 23 23 23 23 23 23 23 0 0 0 0 0 0 0 0 0 0 0 0 0 0 0 0 0 0 0 0 0 0 0 0 0 0 0 0 0 0 23 23 23 23 23 23 23 23 23 23 23 23 23 23 23 23 23 23 23 23 23 23 23 23 23 23 23 23 23 23 23 23 23 23 23 23 23 23 23 23 23 23 23 23 23 23 23 23 0 0 0 0 0 0 0 0 23 23 23 0 0 0 0 0 0 0 0 23 23 23 23 23 23 23 23 23 23 23 23 23 23 23 23 23 23 
23 23 23 23 23 23 23 23 23 23 23 23 23 0 0 0 0 0 0 0 0 0 0 0 0 0 0 0 0 0 0 0 0 0 0 0 0 0 0 0 23 23 23 23 23 23 23 23 23 23 23 23 23 23 23 23 23 23 23 23 23 23 23 23 23 23 23 23 23 23 23 23 23 23 23 23 23 23 23 23 23 23 23 23 23 23 23 23 23 23 23 23 23 23 23 23 23 23 23 23 23 23 23 0 0 0 0 0 0 0 0 23 23 23 23 23 23 23 23 23 23 23 23 23 23 23 23 23 
23 23 23 23 23 23 23 23 23 23 23 23 23 23 0 0 0 0 0 0 0 0 0 0 0 0 0 0 0 0 0 0 0 0 0 0 0 0 0 23 23 23 23 23 23 23 23 23 23 23 23 23 23 23 23 23 23 23 23 23 23 23 23 23 23 23 23 23 23 23 23 23 23 23 23 23 23 23 23 23 23 23 23 23 23 23 23 23 23 23 23 23 23 23 23 23 23 23 23 23 23 23 23 23 0 0 0 0 0 0 0 0 0 23 23 23 23 23 23 23 23 23 23 23 23 23 23 23 
23 23 23 23 23 23 23 23 23 23 23 23 23 23 23 23 23 0 0 0 0 0 0 0 0 0 0 0 0 0 0 0 0 0 0 0 0 0 23 23 23 23 23 23 23 23 23 23 23 23 23 23 23 23 23 23 23 23 23 23 23 23 23 23 23 23 23 23 23 23 23 23 23 23 23 23 23 23 23 23 23 23 23 23 23 23 23 23 23 23 23 23 23 23 23 23 23 23 23 23 23 23 23 23 23 23 0 0 0 0 0 0 0 0 23 23 23 23 23 23 23 23 23 23 23 23 23 23 
23 23 23 23 23 23 23 23 23 23 23 23 23 23 23 23 23 23 23 23 23 23 0 0 0 0 0 0 0 0 0 0 0 0 0 0 0 23 23 23 23 23 23 23 23 23 0 0 0 0 0 23 23 23 23 23 23 23 23 23 23 23 23 23 23 23 23 23 23 23 23 23 23 23 23 23 23 23 23 23 23 23 23 23 23 23 23 23 23 23 23 23 23 23 23 23 23 23 23 23 23 23 23 23 23 23 23 23 0 0 0 0 0 0 0 0 23 23 23 23 23 23 23 23 23 23 23 23 
23 23 23 23 23 23 23 23 23 23 23 23 23 23 23 23 23 23 23 23 23 23 23 23 23 23 0 0 0 0 0 0 0 0 0 0 0 23 23 23 23 23 0 0 0 0 0 0 0 0 0 0 23 23 23 23 23 23 23 23 23 23 23 23 23 23 23 23 0 0 0 0 0 0 0 0 0 0 0 0 0 0 0 0 23 23 23 23 23 23 23 23 23 23 23 23 23 23 23 23 23 23 23 23 23 23 23 23 0 0 0 0 0 0 0 0 23 23 23 23 23 23 23 23 23 23 23 23 
23 23 23 23 23 23 23 23 23 23 23 23 23 23 23 23 23 23 23 23 23 23 23 23 23 23 23 0 0 0 0 0 0 0 0 0 23 23 23 23 23 0 0 0 0 0 0 0 0 0 0 0 0 0 23 23 23 23 23 23 23 23 23 23 23 23 0 0 0 0 0 0 0 0 0 0 0 0 0 0 0 0 0 0 0 0 0 0 23 23 23 23 23 23 23 23 23 23 23 23 23 23 23 23 23 23 23 23 23 0 0 0 0 0 0 0 23 23 23 23 23 23 23 23 23 23 23 23 
23 23 23 23 23 23 23 23 23 23 23 23 23 23 23 23 23 23 23 23 23 23 23 23 23 23 23 23 23 0 0 0 0 0 0 23 23 23 23 23 0 0 0 0 0 0 0 0 0 0 0 0 0 0 0 0 23 23 23 23 23 23 23 23 23 0 0 0 0 0 0 0 0 0 0 0 0 0 0 0 0 0 0 0 0 0 0 0 0 0 0 0 23 23 23 23 23 23 23 23 23 23 23 23 23 23 23 23 23 23 0 0 0 0 0 0 23 23 23 23 23 23 23 23 23 23 23 23 
23 23 23 23 23 23 23 23 23 23 23 23 23 23 23 23 0 0 0 0 0 23 23 23 23 23 23 23 23 23 23 23 23 23 23 23 23 23 23 23 0 0 0 0 0 0 0 0 0 0 0 0 0 0 0 0 0 0 0 0 0 0 0 0 0 0 0 0 0 0 0 0 0 0 0 0 0 0 0 0 0 0 0 0 0 0 0 0 0 0 0 0 0 0 0 0 0 0 23 23 23 23 23 23 23 23 23 23 23 23 23 23 0 0 0 0 23 23 23 23 23 23 23 23 23 23 23 23 
23 23 23 23 23 23 23 23 23 23 23 23 23 0 0 0 0 0 0 0 0 0 0 23 23 23 23 23 23 23 23 23 23 23 23 23 23 23 23 23 0 0 0 0 0 0 0 0 0 0 0 0 0 0 0 0 0 0 0 0 0 0 0 0 0 0 0 0 0 0 0 0 0 0 0 0 0 0 0 0 0 0 0 0 0 0 0 0 0 0 0 0 0 0 0 0 0 0 0 0 0 23 23 23 23 23 0 0 0 0 0 0 0 0 23 23 23 23 23 23 23 23 23 23 23 23 23 23 
23 23 23 23 23 23 23 23 23 23 23 23 0 0 0 0 0 0 0 0 0 0 0 0 0 0 23 23 23 23 23 23 23 23 23 23 23 23 23 23 0 0 0 0 0 0 0 0 0 0 0 0 0 0 0 0 0 0 0 0 0 0 0 0 0 0 0 0 0 0 0 0 0 0 0 0 0 0 0 0 0 0 0 0 0 0 0 0 0 0 0 0 0 0 0 0 0 0 0 0 0 0 0 0 0 0 0 0 0 0 0 23 23 23 23 23 23 23 23 23 23 23 23 23 23 23 23 23 
23 23 23 23 23 23 23 23 23 23 23 23 0 0 0 0 0 0 0 0 0 0 0 0 0 0 0 23 23 23 23 23 23 23 23 23 23 23 23 23 0 0 0 0 0 0 0 0 0 0 0 0 0 0 0 0 0 0 0 0 0 0 0 0 0 0 0 0 0 0 0 0 0 0 0 0 0 0 0 0 0 0 0 0 0 0 0 0 0 0 0 0 0 0 0 0 0 0 0 0 0 0 0 0 0 0 0 0 23 23 23 23 23 23 23 23 23 23 23 23 23 23 23 23 23 23 23 23 
23 23 23 23 23 23 23 23 23 23 23 23 0 0 0 0 0 0 0 0 0 0 0 0 0 0 0 0 23 23 23 23 23 23 23 23 23 23 23 0 0 0 0 0 0 0 0 0 0 0 0 0 0 0 0 0 0 0 0 0 0 0 0 0 0 0 0 0 0 0 0 0 0 0 0 0 0 0 0 0 0 0 0 0 0 0 0 0 0 0 0 0 0 0 0 0 0 0 0 0 0 0 0 0 0 23 23 23 23 23 23 23 23 23 23 23 23 23 23 23 23 23 23 23 23 23 23 23 
23 23 23 23 23 23 23 23 23 23 23 23 0 0 0 0 0 0 0 0 0 0 0 0 0 0 0 0 0 23 23 23 23 23 23 23 23 0 0 0 0 0 0 0 0 0 0 0 0 0 0 0 0 0 0 0 0 0 0 0 0 0 0 0 0 0 0 0 0 0 0 0 0 0 0 0 0 0 0 0 0 0 0 0 0 0 0 0 0 0 0 0 0 0 0 0 0 0 0 0 0 0 0 0 23 23 23 23 23 23 23 23 23 23 23 23 23 23 23 23 23 23 23 23 23 23 23 23 
23 23 23 23 23 23 23 23 23 23 23 23 0 0 0 0 0 0 0 0 0 0 0 0 0 0 0 0 0 0 0 0 0 0 0 0 0 0 0 0 0 0 0 0 0 0 0 0 0 0 0 0 0 0 0 0 0 0 0 0 0 0 0 0 0 0 0 0 0 0 0 0 0 0 0 0 0 0 0 0 0 0 0 0 0 0 0 0 0 0 0 0 0 0 0 0 0 0 0 0 0 0 23 23 23 23 23 23 23 23 23 23 23 23 23 23 23 23 23 23 23 23 23 23 23 23 23 23 
23 23 23 23 23 23 23 23 23 23 23 23 23 23 0 0 0 0 0 0 0 0 0 0 0 0 0 0 0 0 0 0 0 0 0 0 0 0 0 0 0 0 0 0 0 0 0 0 0 0 0 0 0 0 0 0 0 0 0 0 0 0 0 0 0 0 0 0 0 0 0 0 0 0 0 0 0 0 0 0 0 0 0 0 0 0 0 0 0 0 0 0 0 0 0 0 0 0 0 0 0 23 23 23 23 23 0 23 23 23 23 23 23 23 23 23 23 23 23 23 23 23 23 23 23 23 23 23 
23 23 23 23 23 23 23 23 23 23 23 23 23 23 23 0 0 0 0 0 0 0 0 0 0 0 0 0 0 0 0 0 0 0 0 0 0 0 0 0 0 0 0 0 0 0 0 0 0 0 0 0 0 0 0 0 0 0 0 0 0 0 0 0 0 0 0 0 0 0 0 0 0 0 0 0 0 0 0 0 0 0 0 0 0 0 0 0 0 0 0 0 0 0 0 0 0 0 0 23 23 23 23 23 23 0 0 23 23 23 23 23 23 23 23 23 23 23 23 23 23 23 23 23 23 23 23 23 
23 23 23 23 23 23 23 23 23 23 23 23 23 23 23 23 23 23 23 23 23 23 23 23 0 0 0 0 0 0 0 0 0 0 0 0 0 0 0 0 0 0 0 0 0 0 0 0 0 0 0 0 0 0 0 0 0 0 0 0 0 0 0 0 0 0 0 0 0 0 0 0 0 0 0 0 0 0 0 0 0 0 0 0 0 0 0 0 0 0 0 0 0 0 0 0 0 23 23 23 23 23 23 23 0 0 0 23 23 23 23 23 23 23 23 23 23 23 23 23 23 23 23 23 23 23 23 23 
23 23 23 23 23 23 23 23 23 23 23 23 23 23 23 23 23 23 23 23 23 23 23 23 23 0 0 0 0 0 0 0 0 0 0 0 0 0 0 0 0 0 0 0 0 0 0 0 0 0 0 0 0 0 0 0 0 0 0 0 0 0 0 0 0 0 0 0 0 0 0 0 0 0 0 0 0 0 0 0 0 0 0 0 0 0 0 0 0 0 0 0 0 0 0 0 23 23 23 23 23 23 23 0 0 0 0 23 23 23 23 23 23 23 23 23 23 23 23 23 23 23 23 23 23 23 23 23 
23 23 23 23 23 23 23 23 23 23 23 23 23 23 23 23 23 23 23 23 23 23 23 23 23 23 23 0 0 0 0 0 0 0 0 0 0 0 0 0 0 0 0 0 0 0 0 0 0 0 0 0 0 0 0 0 0 0 0 0 0 0 0 0 0 0 0 0 0 0 0 0 0 0 0 0 0 0 0 0 0 0 0 0 0 0 0 0 0 0 0 0 0 0 23 23 23 23 23 23 23 0 0 0 0 0 0 23 23 23 23 23 23 23 23 23 23 23 23 23 23 23 23 23 23 23 23 23 
23 23 23 23 23 23 23 23 23 23 23 23 23 23 23 23 23 23 23 23 23 23 23 23 23 23 23 0 0 0 0 0 0 0 0 0 0 0 0 0 0 0 0 0 0 0 0 0 0 0 0 0 0 0 0 0 0 0 0 0 0 0 0 0 0 0 0 0 0 0 0 0 0 0 0 0 0 0 0 0 0 0 0 0 0 0 0 0 0 0 0 0 0 23 23 23 23 23 23 23 0 0 0 0 0 0 0 23 23 23 23 23 23 23 23 23 23 23 23 23 23 23 23 23 23 23 23 23 
23 23 23 23 23 23 23 23 23 23 23 23 23 23 23 23 23 23 23 23 23 23 23 23 23 23 23 23 23 0 0 0 0 0 0 0 0 0 0 0 0 0 0 0 0 0 0 0 0 0 0 0 0 0 0 0 0 0 0 0 0 0 0 0 0 0 0 0 0 0 0 0 0 0 0 0 0 0 0 0 0 0 0 0 0 0 0 0 0 0 0 23 23 23 23 23 23 23 23 0 0 0 0 0 0 0 21 21 21 21 21 21 23 23 23 23 23 23 23 23 23 23 23 23 23 23 23 23 
23 23 23 23 23 23 23 23 23 23 23 23 23 23 23 23 23 23 23 23 23 23 23 23 23 23 23 23 23 23 0 0 0 0 0 0 0 0 0 0 0 0 0 0 0 0 0 0 0 0 0 0 0 0 0 0 0 0 0 0 0 0 0 0 0 0 0 0 0 0 0 0 0 0 22 22 22 22 22 22 22 22 0 0 0 0 0 0 0 0 23 23 23 23 23 23 23 23 0 0 0 0 0 0 0 21 21 21 21 21 21 21 21 21 21 21 23 23 23 23 23 23 23 23 23 23 23 23 
23 23 23 23 23 23 23 23 23 23 23 23 23 23 23 23 0 0 0 0 0 0 0 23 23 23 23 23 23 23 23 0 0 0 0 0 0 0 0 0 0 0 0 0 0 0 0 0 0 0 0 0 0 0 0 0 0 0 0 0 0 0 0 0 0 0 0 0 0 0 22 22 22 22 22 21 21 21 21 25 26 22 22 22 0 0 0 0 0 23 23 23 23 23 0 0 0 0 0 0 0 0 0 0 21 21 21 21 21 21 21 21 21 21 21 21 21 21 23 23 23 23 23 23 23 23 23 23 
23 23 23 23 23 23 23 23 23 23 23 23 23 0 0 0 0 0 0 0 0 0 0 23 23 23 23 23 23 23 23 23 0 0 0 0 0 0 0 0 0 0 0 0 0 0 0 0 0 0 0 0 0 0 0 0 0 0 0 0 0 0 0 0 0 0 0 0 21 21 21 21 21 21 25 21 26 22 22 22 22 22 22 22 22 0 0 0 0 0 0 0 0 0 0 0 0 0 0 0 0 0 22 25 21 21 21 21 21 21 21 21 21 21 21 21 21 21 21 23 23 23 23 23 23 23 23 23 
23 23 23 23 23 23 23 23 23 23 23 23 0 0 0 0 0 0 0 0 0 0 0 0 23 23 23 23 23 23 23 0 0 0 0 0 0 0 22 22 22 22 26 22 22 0 0 0 0 0 0 0 0 0 0 0 0 0 0 0 0 0 0 0 0 0 21 21 21 23 23 21 21 21 21 21 21 21 21 21 21 21 21 26 21 22 22 0 0 0 0 0 0 0 0 0 0 0 0 0 22 22 21 22 21 21 21 21 21 21 21 21 21 21 21 21 21 21 21 21 21 23 23 23 23 23 23 23 
23 23 23 23 23 23 23 23 23 23 23 23 0 0 0 0 0 0 0 0 0 0 0 0 0 23 23 23 23 0 0 0 0 0 0 0 22 22 22 22 22 21 21 21 21 22 22 22 0 0 0 0 0 0 0 0 0 0 0 0 0 0 0 0 0 23 23 23 23 23 23 23 23 23 23 23 23 23 23 23 23 21 21 21 21 21 21 22 22 22 22 22 22 22 22 22 22 22 22 22 21 21 21 21 26 21 25 21 21 21 21 21 21 21 21 21 21 21 21 21 21 21 23 23 23 23 23 23 
23 23 23 23 23 23 23 23 23 23 21 23 0 0 0 0 0 0 0 0 0 0 0 0 0 0 0 0 0 0 0 0 0 0 22 22 22 21 22 22 22 22 22 21 21 26 22 22 22 22 22 22 0 0 0 0 0 0 0 0 0 0 0 23 23 23 23 23 23 23 23 23 23 23 23 23 23 23 23 23 23 23 23 23 23 23 23 23 21 21 21 25 21 21 21 21 21 23 23 23 23 23 23 23 21 21 21 21 21 21 21 21 21 21 21 21 21 21 21 21 21 21 21 23 23 23 23 23 
23 23 23 23 23 23 23 23 21 21 21 21 21 0 0 0 0 0 0 0 0 0 0 0 0 0 0 0 0 0 0 0 0 22 22 22 21 21 21 21 21 22 22 22 22 22 22 21 21 22 22 22 22 22 22 22 0 0 0 0 0 0 23 23 23 23 23 23 23 23 23 23 23 23 23 23 23 23 23 23 23 23 23 23 23 23 23 23 23 23 23 23 23 23 23 23 23 23 23 23 23 23 23 23 23 21 21 21 21 21 21 21 21 21 21 21 21 21 21 21 21 21 21 21 21 23 23 23 
23 23 23 23 23 23 23 21 21 21 21 21 21 0 0 0 0 0 0 0 0 0 0 0 0 0 0 0 0 0 0 21 21 21 26 21 21 21 23 23 23 23 23 23 23 23 23 21 21 21 21 21 21 21 21 21 21 0 0 0 0 23 23 23 23 23 23 23 23 23 23 23 23 23 23 23 23 23 23 23 23 23 23 23 23 23 23 23 23 23 23 23 23 23 23 23 23 23 23 23 23 23 23 23 23 23 21 21 21 21 21 21 21 21 21 21 21 21 21 21 21 21 21 21 21 21 23 23 
23 23 23 23 23 23 21 21 21 21 21 21 21 21 0 0 0 0 0 0 0 0 0 0 0 0 0 0 0 21 21 21 21 21 21 21 21 23 23 23 23 23 23 23 23 23 23 23 23 23 21 21 21 21 21 21 21 21 21 0 0 0 23 23 23 23 23 23 23 23 23 23 23 23 23 23 23 23 23 23 0 0 0 0 0 0 0 0 0 0 0 0 0 0 0 0 0 23 23 23 23 23 23 23 23 23 23 23 26 21 21 21 21 21 21 21 21 21 21 21 21 21 21 21 21 21 21 23 
23 23 23 23 23 21 21 21 21 21 21 26 21 22 22 22 0 0 0 0 0 0 0 0 0 0 0 21 21 21 21 23 23 23 23 23 23 23 23 23 23 23 23 23 23 23 23 23 23 23 23 23 26 21 21 21 21 21 21 21 0 0 0 23 23 23 23 23 23 23 23 23 23 23 23 23 23 23 0 0 0 0 0 0 0 0 0 0 0 0 0 0 0 0 0 0 0 0 0 0 0 23 23 23 23 23 23 23 21 21 21 21 21 21 21 21 21 21 21 21 21 21 21 21 21 21 21 21 
23 23 23 23 21 21 21 21 21 21 21 21 21 21 22 22 22 22 0 0 0 0 0 0 22 22 22 21 21 23 23 23 23 23 23 23 23 23 23 23 23 23 23 23 23 23 23 23 23 23 23 23 21 21 21 21 21 21 21 21 21 0 0 0 23 23 23 23 23 23 23 23 23 23 23 23 0 0 0 0 0 0 0 0 0 0 0 0 0 0 0 0 0 0 0 0 0 0 0 0 0 0 0 0 23 23 23 23 23 21 21 21 21 26 21 21 21 21 21 21 21 21 21 21 21 21 21 21 
23 23 23 23 21 21 21 21 21 21 21 21 21 21 21 21 21 21 22 22 26 22 22 22 21 21 21 23 23 23 23 23 23 23 23 23 23 23 23 23 23 23 23 23 23 23 23 23 23 23 23 23 23 23 23 23 23 23 23 23 23 0 0 0 0 23 23 23 23 23 23 23 23 23 0 0 0 0 0 0 0 0 22 22 22 22 22 22 22 22 22 25 22 22 22 22 22 0 0 0 0 0 0 0 0 23 23 23 23 21 21 21 21 21 21 21 21 21 21 21 21 21 21 21 21 21 21 21 
23 23 23 23 21 21 21 21 21 21 21 21 21 21 21 21 21 21 21 21 21 21 21 21 21 21 21 23 23 23 23 23 23 23 23 23 23 23 23 23 23 23 23 23 23 23 23 23 23 23 23 23 23 23 23 23 23 23 23 23 23 23 0 0 0 0 23 23 23 23 23 23 0 0 0 0 0 0 0 22 22 22 22 21 21 21 21 26 21 21 21 21 21 21 21 21 21 22 22 0 0 0 0 0 0 0 23 23 23 23 21 21 21 21 21 21 21 21 21 21 21 21 21 21 21 21 21 21 
23 23 23 23 21 21 21 21 21 21 21 21 26 21 21 21 21 26 21 21 21 21 21 21 21 21 23 23 23 23 23 23 23 23 23 23 23 23 23 23 23 23 23 23 23 23 23 23 23 23 23 23 23 23 23 23 23 23 23 23 23 23 0 0 0 0 0 23 23 0 0 0 0 0 0 0 0 23 23 23 23 23 23 23 23 23 23 23 23 23 23 23 21 21 21 21 26 21 21 22 0 0 0 0 0 0 23 23 23 23 23 21 21 21 21 21 21 21 21 21 21 21 21 21 21 21 21 21 
23 23 23 23 21 21 21 21 21 21 21 21 21 21 21 21 21 21 21 21 21 21 21 21 21 23 23 23 23 23 23 23 23 23 23 23 23 23 23 0 0 0 23 23 23 23 23 23 23 23 23 23 23 23 23 23 23 23 23 23 23 23 23 0 0 0 0 0 0 0 0 0 0 0 0 0 23 23 23 23 23 23 0 0 0 0 0 0 0 0 0 0 23 21 26 21 21 21 21 21 22 0 0 0 0 0 23 23 23 23 23 21 21 21 21 22 21 21 21 21 21 21 21 21 21 21 21 21 
23 23 23 23 21 21 21 21 21 21 21 21 21 21 21 21 21 21 21 21 21 21 23 23 23 23 23 23 23 23 23 23 23 23 23 23 23 0 0 0 0 0 0 0 0 0 0 23 23 23 23 23 23 23 23 23 23 23 23 23 23 23 23 0 0 0 0 0 0 0 0 0 0 0 0 23 23 23 23 23 0 0 0 0 0 0 0 0 0 0 0 0 0 0 0 21 21 21 21 21 21 0 0 0 0 0 0 23 23 23 23 23 21 21 21 21 21 21 21 21 21 21 21 21 21 21 21 21 
23 23 23 23 21 21 21 21 21 21 21 21 21 26 21 21 21 21 23 23 23 23 23 23 23 23 23 23 23 23 23 0 0 0 0 0 0 0 0 0 0 0 0 0 0 0 0 0 0 0 0 0 0 0 0 0 0 23 23 23 23 23 23 23 0 0 0 0 0 0 0 0 0 0 0 23 23 23 23 0 0 0 0 23 23 23 23 23 23 23 23 0 0 0 0 0 0 21 21 21 21 22 0 0 0 0 0 0 23 23 23 23 21 21 21 21 21 21 21 21 21 21 21 21 21 21 21 21 
23 23 23 23 21 21 21 21 21 21 21 21 21 21 21 21 23 23 23 23 23 23 23 23 23 23 23 0 0 0 0 0 0 0 0 0 0 0 0 0 0 0 0 0 0 0 0 0 0 0 0 0 0 0 0 0 0 0 23 23 23 23 23 23 0 0 0 0 0 0 0 0 0 0 23 23 23 23 0 0 0 23 23 23 23 23 23 23 23 23 23 23 23 23 23 0 0 0 21 21 21 21 0 0 0 0 0 0 0 23 23 23 23 21 21 21 26 21 21 21 21 21 21 21 21 21 21 21 
23 23 23 23 21 21 21 21 21 21 21 21 21 21 23 23 23 23 23 23 23 23 23 23 0 0 0 0 0 0 0 0 0 0 0 0 0 0 0 0 0 0 0 0 0 0 0 0 0 0 0 0 0 0 0 0 0 0 0 23 23 23 23 23 23 0 0 0 0 0 0 0 23 23 23 23 23 0 0 0 23 23 23 23 23 23 23 23 23 23 23 23 23 23 23 23 0 0 21 21 26 21 22 0 0 0 0 0 0 0 23 23 23 21 21 21 21 21 21 21 21 21 21 21 21 21 21 21 
23 23 23 23 21 21 21 21 21 21 21 21 23 23 23 23 23 23 23 23 23 0 0 0 0 0 0 0 0 0 0 0 0 0 0 0 0 0 0 0 0 0 0 0 0 0 0 0 0 0 0 0 0 0 0 0 0 0 0 23 23 23 23 23 23 0 0 0 0 0 0 23 23 23 0 0 0 0 0 23 23 23 23 23 0 0 0 0 0 0 23 23 23 23 23 23 23 0 0 21 21 21 21 0 0 0 0 0 0 0 0 23 23 23 21 21 21 21 21 21 21 21 21 21 21 21 21 21 
23 23 23 23 21 21 21 21 21 21 21 23 23 23 23 23 23 23 23 0 0 0 0 0 0 0 0 0 0 0 0 0 0 0 0 0 0 0 0 0 0 0 0 0 0 0 0 0 0 0 0 0 0 0 0 0 0 0 0 0 23 23 23 23 23 22 22 0 0 0 0 0 0 0 0 0 0 0 23 23 23 23 0 0 0 0 0 0 0 0 0 0 23 23 23 23 23 0 0 0 21 21 21 22 0 0 0 0 0 0 0 0 23 23 23 21 21 21 21 21 21 21 21 21 21 21 21 21 
23 23 23 23 21 21 21 21 21 21 23 23 23 23 23 23 23 23 0 0 0 0 0 0 0 0 0 0 0 0 0 0 0 0 0 0 0 0 0 0 0 0 0 0 0 0 0 0 0 0 0 0 0 0 0 0 0 0 0 0 0 23 23 23 23 21 21 22 22 26 22 22 22 21 21 23 23 23 23 23 0 0 0 0 0 0 0 0 0 0 0 0 0 23 23 23 23 23 0 0 0 21 21 21 22 0 0 0 0 0 0 0 0 23 23 23 21 21 21 21 21 21 21 21 21 21 21 21 
23 23 23 21 21 21 21 21 21 23 23 23 23 23 0 0 0 0 0 0 0 0 0 0 0 0 0 0 0 0 0 0 0 0 0 0 0 0 0 0 0 0 0 0 0 0 0 0 0 0 0 0 0 0 0 0 0 0 0 0 0 23 23 23 23 23 23 21 21 25 26 26 25 21 23 23 23 23 23 0 0 0 0 0 0 0 0 0 0 0 0 0 0 0 23 23 23 23 0 0 0 26 21 21 21 22 0 0 0 0 0 0 0 0 23 23 23 21 21 21 21 21 21 21 21 21 21 21 
23 23 23 21 21 21 21 21 21 23 23 23 23 0 0 0 0 0 0 0 0 0 0 0 0 0 0 0 0 0 0 0 0 0 0 0 0 0 0 0 0 0 0 0 0 0 0 0 0 0 0 0 0 0 0 0 0 0 0 0 0 0 0 0 23 23 23 23 23 23 23 23 23 23 23 23 23 23 0 0 0 0 0 0 0 0 0 0 0 0 0 0 0 0 0 23 23 23 23 0 0 0 21 26 21 21 21 0 0 0 0 0 0 0 0 23 23 21 21 21 21 21 21 21 21 21 21 21 
23 23 23 21 21 21 21 21 23 23 23 23 0 0 0 0 0 0 0 0 0 0 0 0 0 0 0 0 0 0 0 0 0 0 0 0 0 0 0 0 0 0 0 0 0 0 0 0 0 0 0 0 0 0 0 0 0 0 0 0 0 0 0 0 0 0 23 23 23 23 23 23 23 23 23 23 23 0 0 0 0 0 0 0 0 0 0 0 0 0 0 0 0 0 0 23 23 23 23 0 0 0 0 0 0 0 0 0 0 0 0 0 0 0 0 0 23 21 21 21 21 21 21 21 21 21 21 21 
23 23 23 21 21 21 21 21 23 23 23 0 0 0 0 0 0 0 0 0 0 0 0 0 0 0 0 0 0 0 0 0 0 0 0 0 0 0 0 0 0 0 0 0 0 0 0 0 0 0 0 0 0 0 0 0 0 0 0 0 0 0 0 0 0 0 0 0 0 0 0 0 0 0 0 0 0 0 0 0 0 0 0 0 0 0 0 0 0 0 0 0 0 0 0 0 23 23 23 23 0 0 0 0 0 23 23 23 0 0 0 0 0 0 0 0 23 21 21 21 21 21 21 21 21 21 21 21 
23 23 23 21 21 21 21 23 23 23 23 0 0 0 0 0 0 0 0 0 0 0 0 0 0 0 0 0 0 0 0 0 0 0 0 0 0 0 0 0 0 0 0 0 0 0 0 0 0 0 0 0 0 0 0 0 0 0 0 0 0 0 0 0 0 0 0 0 0 0 0 0 0 0 0 0 0 0 0 0 0 0 0 0 0 0 0 0 0 0 0 0 0 0 0 0 0 23 23 23 0 0 0 0 0 23 23 23 23 23 0 0 0 0 0 0 0 21 21 21 21 21 21 21 21 21 21 21 
23 23 21 21 21 21 23 23 23 23 23 0 0 0 0 0 0 0 0 0 0 0 0 0 0 0 0 0 0 0 0 0 0 0 0 0 0 0 0 0 0 0 0 0 22 22 22 22 22 22 22 22 22 0 0 0 0 0 0 0 0 0 0 0 0 0 0 0 0 0 0 0 0 0 0 0 0 0 0 0 0 0 0 0 0 0 0 0 0 0 0 0 0 0 0 0 0 0 23 23 23 0 0 0 0 23 23 23 23 23 23 23 0 0 0 0 0 22 21 21 21 21 21 21 21 21 21 21 
23 23 21 21 21 21 23 23 23 23 23 0 0 0 0 0 0 0 0 0 0 0 0 0 0 0 0 0 0 0 0 0 0 0 0 0 0 0 0 0 0 0 0 22 22 21 21 21 21 21 21 21 21 22 22 22 22 22 0 0 0 0 0 0 0 0 0 0 0 0 0 0 0 0 0 0 0 0 0 0 0 0 0 0 0 0 0 0 0 0 0 0 0 0 0 0 0 0 0 0 21 22 0 0 0 23 23 23 23 23 23 23 23 0 0 0 0 6 21 21 21 21 21 21 21 21 21 21 
23 23 21 21 21 21 23 23 23 23 23 23 22 0 0 0 0 0 0 3 22 22 22 22 22 9 9 9 9 9 9 9 9 9 9 9 9 9 9 9 9 22 22 22 22 22 21 21 21 21 21 21 21 21 21 21 22 22 22 22 22 22 22 25 22 22 22 22 22 22 22 22 22 22 25 22 22 22 22 22 22 22 22 22 22 0 0 0 0 0 0 0 0 0 0 0 0 0 0 0 0 0 0 0 0 23 23 23 23 23 23 23 23 23 0 0 0 6 21 21 21 21 21 21 21 21 21 21 
23 23 21 21 21 21 23 23 23 23 23 23 21 22 21 22 22 22 22 22 21 21 21 21 21 21 10 10 10 10 10 10 10 10 10 10 10 10 10 10 21 21 21 21 21 21 21 21 25 21 21 21 21 21 22 21 21 21 21 26 21 21 21 21 21 21 21 21 21 21 21 21 21 21 21 21 21 21 21 21 22 22 22 22 22 22 22 22 22 22 22 22 22 22 22 22 22 22 22 22 22 22 22 22 23 23 23 23 23 23 23 23 0 0 0 22 22 21 21 21 21 21 21 21 21 21 21 21 
23 23 21 21 21 21 23 23 23 23 23 23 23 21 21 21 21 21 21 21 21 21 26 21 21 21 21 21 21 21 21 21 21 21 21 21 21 21 21 21 21 21 21 21 21 21 21 21 21 21 21 21 21 21 21 21 21 21 21 21 21 21 21 21 21 21 21 21 21 21 21 21 21 21 21 21 21 21 21 21 21 21 21 21 21 21 21 21 21 21 21 21 21 21 21 21 21 21 21 21 21 21 21 23 23 23 23 23 23 23 0 0 0 0 22 21 21 21 21 21 21 21 21 21 21 21 21 21 
23 23 21 21 21 21 21 23 23 23 23 23 23 23 23 21 21 21 21 21 21 21 21 26 21 21 21 21 21 21 21 21 21 21 21 21 21 21 21 21 21 21 21 21 21 21 21 21 22 21 21 21 21 21 21 21 21 21 21 21 21 21 21 21 21 21 21 26 21 22 21 21 26 21 21 21 21 21 21 21 21 21 21 21 21 21 21 21 21 21 21 21 21 21 21 23 23 23 23 23 23 23 23 23 23 23 23 23 23 0 0 0 0 22 21 21 21 25 21 21 21 21 21 21 21 21 21 21 
23 23 21 21 21 21 21 23 23 23 23 23 23 23 23 21 21 21 21 21 21 21 21 21 21 21 26 21 21 21 26 21 21 21 21 21 25 21 21 21 21 21 21 21 21 21 21 21 21 21 21 21 21 21 21 21 21 21 21 21 21 21 21 21 21 21 21 21 22 21 21 21 26 21 21 21 21 21 21 21 21 21 21 21 21 21 21 21 21 23 23 23 23 23 23 23 23 23 23 23 23 23 23 23 0 0 0 0 0 0 0 22 22 21 21 21 21 21 21 21 21 21 21 21 21 21 21 21 
23 23 21 21 21 21 21 21 23 23 23 23 23 21 21 21 21 26 21 21 21 21 21 21 27 21 21 21 21 21 21 21 21 21 21 25 25 22 22 21 21 21 21 21 21 21 21 21 21 21 21 21 21 25 22 21 21 21 21 21 21 21 26 21 21 21 21 21 21 21 21 21 21 21 21 21 21 21 21 21 21 21 21 21 21 23 23 23 23 23 23 23 23 23 23 23 23 23 23 23 0 0 0 0 0 0 0 0 0 0 22 21 21 21 21 21 21 21 21 21 21 21 21 21 21 21 21 21 
23 23 21 21 21 21 21 21 21 21 23 23 21 21 21 21 21 21 21 21 21 21 21 23 27 21 21 21 21 21 21 21 21 21 25 21 21 21 21 21 21 28 27 21 21 21 21 21 21 21 21 21 21 21 21 21 21 21 21 21 25 21 21 21 21 21 21 21 21 21 21 21 21 21 21 21 21 21 21 21 21 21 21 21 23 23 23 23 23 23 23 23 23 23 0 0 0 0 0 0 0 0 0 0 0 0 0 0 0 22 21 21 21 21 25 21 21 21 21 21 21 21 21 21 21 21 21 21 
23 23 21 21 21 21 21 21 21 21 23 23 21 21 26 21 21 21 21 21 21 21 21 21 21 21 21 21 21 21 21 21 21 21 21 21 21 21 21 28 23 23 23 23 27 21 21 21 21 21 21 21 21 21 21 21 22 22 21 21 21 21 21 21 21 21 21 21 21 21 21 21 21 21 21 21 21 21 21 21 21 21 21 23 23 23 23 23 0 0 0 0 0 0 0 0 0 0 0 0 0 0 0 0 0 0 0 0 22 21 21 21 21 21 21 21 21 21 21 21 21 21 21 21 21 21 21 21 
23 21 21 21 21 21 21 21 21 21 21 21 21 21 21 21 21 21 21 23 21 21 21 21 21 21 21 21 21 23 23 23 23 23 23 23 23 23 23 23 23 23 23 23 23 23 23 27 21 21 21 21 21 21 21 21 21 21 21 21 21 21 21 21 21 21 21 21 21 21 21 22 26 21 21 21 21 21 21 21 21 21 23 23 23 23 23 0 0 0 0 0 0 0 0 0 0 0 0 0 0 0 0 0 0 0 22 22 22 21 21 21 21 21 21 21 21 21 21 21 21 21 21 21 21 21 21 21 
23 21 21 21 21 21 21 23 21 21 21 21 21 21 21 21 23 23 23 23 23 23 21 21 21 23 23 23 23 23 23 23 23 23 23 23 23 23 23 23 23 23 23 23 23 23 23 23 23 23 27 21 21 21 21 21 21 21 21 26 21 21 21 21 21 21 21 26 21 21 21 21 21 21 21 21 21 21 21 21 21 23 23 23 0 0 0 0 0 0 0 0 0 0 0 0 0 0 0 0 0 0 0 0 22 22 21 21 21 21 21 21 21 21 21 21 21 21 21 21 21 21 21 21 21 21 21 21 
23 21 21 21 21 21 21 21 21 21 21 21 21 21 23 23 23 23 23 23 23 23 23 23 23 23 23 23 23 23 23 23 23 23 23 23 23 23 23 23 23 23 23 23 23 23 23 23 23 23 23 23 27 21 21 21 21 21 21 21 21 21 26 21 21 21 21 21 21 21 21 21 21 21 21 21 21 21 21 21 21 23 0 0 0 0 0 0 0 0 0 0 0 0 0 0 23 23 23 0 0 0 0 22 21 21 21 21 21 21 21 22 22 22 22 22 22 21 21 21 21 21 21 21 21 21 21 21 
21 21 21 21 21 21 21 21 21 21 21 21 23 23 23 23 23 23 23 23 23 23 23 23 0 0 0 0 0 0 0 0 0 0 0 0 0 0 0 0 0 0 23 23 23 23 23 23 23 23 23 23 23 21 21 21 21 21 21 21 21 21 21 21 21 21 21 21 21 21 21 21 21 21 21 21 21 21 21 21 21 21 21 0 0 0 0 0 0 0 0 0 0 0 0 23 23 23 0 0 0 0 22 21 21 21 21 21 21 21 21 21 21 21 21 21 21 21 21 21 21 21 21 21 21 21 21 21 
21 21 21 21 21 21 21 21 21 21 21 23 23 23 23 23 23 23 23 23 23 0 0 0 0 0 0 0 0 0 0 0 0 0 0 0 0 0 0 0 0 0 0 0 23 23 23 23 23 23 23 23 23 23 21 21 21 21 21 21 21 21 21 21 21 21 21 21 21 21 21 21 21 21 21 21 21 25 21 21 21 21 21 21 0 0 0 0 0 0 0 0 0 21 23 23 23 23 0 0 0 22 21 22 22 22 22 21 21 21 21 21 21 21 21 21 21 21 21 21 21 21 21 21 21 21 21 21 
21 21 21 21 21 21 21 21 21 21 21 23 23 23 23 23 23 23 23 0 0 0 0 0 0 23 21 9 9 9 9 9 9 9 9 9 9 9 9 21 23 0 0 0 0 0 23 23 23 23 23 23 23 23 23 21 21 21 21 21 21 21 21 21 21 21 21 21 21 21 21 21 21 21 21 21 21 21 21 21 25 21 21 21 22 22 22 0 0 0 22 22 22 21 23 23 23 0 0 0 22 22 22 22 21 21 21 21 21 21 21 21 21 21 21 21 21 21 21 21 21 21 21 21 21 21 21 21 
21 21 21 21 21 21 21 21 21 21 23 23 23 23 23 23 0 0 0 0 0 0 0 0 23 23 21 21 10 10 10 10 10 10 10 10 10 10 21 21 23 23 23 0 0 0 0 0 23 23 23 23 23 23 23 21 21 21 21 21 21 21 21 21 21 21 21 21 21 21 21 21 21 21 21 21 21 21 21 21 21 21 21 23 23 21 21 22 22 22 21 21 21 23 23 23 0 0 0 22 21 21 21 21 21 21 21 21 21 21 21 22 22 22 22 21 21 21 21 21 21 21 21 21 21 21 21 21 
21 21 21 21 21 21 21 21 21 21 23 23 23 23 0 0 0 0 0 0 0 0 0 23 23 23 23 21 21 21 21 10 10 10 10 21 21 21 21 23 23 23 23 23 0 0 0 0 0 0 23 23 23 23 23 21 21 21 26 25 26 21 21 21 21 21 21 21 23 23 23 23 23 23 23 23 21 21 21 23 23 23 23 23 23 23 23 23 23 23 23 23 23 23 23 23 0 0 0 23 23 21 21 21 21 21 21 21 22 22 22 21 21 21 21 21 21 21 21 21 21 21 21 21 21 21 21 21 
21 21 21 21 21 21 21 21 21 23 23 23 23 23 0 0 0 0 0 0 0 0 0 23 23 23 23 23 23 23 23 10 10 10 10 23 23 23 23 23 23 23 23 23 23 23 0 0 0 0 0 23 23 23 23 21 21 21 21 21 21 21 21 21 21 23 23 23 23 23 23 23 23 23 23 23 23 23 23 23 23 23 23 23 23 23 23 23 23 23 23 23 23 23 23 0 0 0 23 23 23 21 21 25 21 21 21 21 21 21 21 21 21 21 21 21 21 21 21 21 21 21 21 21 21 21 21 21 
21 21 21 21 21 21 21 21 21 23 23 23 23 0 0 0 0 0 0 0 0 0 23 23 23 23 23 23 23 23 23 10 10 10 10 23 23 23 23 23 23 23 23 23 23 23 23 0 0 0 0 0 23 23 23 23 21 21 21 21 23 23 23 23 23 23 23 23 23 23 23 0 0 0 0 0 0 0 0 0 0 0 23 23 23 23 23 23 23 23 23 23 23 23 0 0 0 23 23 23 23 23 21 21 21 21 21 21 21 21 21 21 21 25 21 21 21 21 21 21 21 21 21 21 21 21 21 21 
21 21 21 21 21 21 21 21 21 23 23 23 23 0 0 0 0 0 0 0 0 0 23 23 23 23 23 0 0 0 0 10 10 10 10 0 0 0 0 0 0 0 23 23 23 23 23 23 0 0 0 0 0 23 23 23 21 21 21 23 23 23 23 23 23 0 0 0 0 0 0 0 0 0 0 0 0 0 0 0 0 0 0 0 0 0 0 0 0 0 0 0 0 0 0 0 23 23 23 23 23 23 21 21 21 21 21 21 21 21 21 21 21 21 21 21 21 21 21 21 21 21 21 21 21 21 21 21 
21 21 21 21 21 21 21 21 23 23 23 23 23 0 0 0 0 0 0 0 0 0 23 23 23 23 0 0 0 0 0 10 10 10 10 0 0 0 0 0 0 0 0 23 23 23 23 23 23 0 0 0 0 0 23 23 23 23 23 23 23 0 0 0 0 0 0 0 0 0 0 0 22 22 22 22 22 0 0 0 0 0 0 0 0 0 0 0 0 0 0 0 0 0 0 0 0 23 23 23 23 23 23 23 21 21 21 21 21 21 21 21 21 21 21 21 21 25 21 21 21 21 21 21 21 21 21 21 
21 21 21 21 21 21 21 21 23 23 23 23 23 0 0 0 0 0 0 0 0 23 23 23 23 0 0 0 0 0 0 10 10 10 10 0 0 0 0 0 0 0 0 0 23 23 23 23 23 23 0 0 0 0 0 23 23 23 23 0 0 0 0 0 0 0 0 22 22 22 22 22 21 21 22 22 22 22 22 22 0 0 0 0 0 0 0 0 0 0 0 0 0 0 0 0 0 0 0 23 23 23 23 23 23 23 21 21 21 25 21 21 21 21 21 21 21 21 21 21 21 21 21 21 21 21 21 21 
23 21 21 21 21 21 21 21 23 23 23 23 23 0 0 0 0 0 0 0 0 23 23 23 23 0 0 0 0 0 0 10 10 10 10 0 0 0 0 0 0 0 0 0 23 23 23 23 23 23 0 0 0 0 0 0 0 0 0 0 0 0 0 22 22 22 22 22 21 21 21 21 21 22 22 21 21 21 21 21 22 22 22 22 22 22 22 22 22 22 22 22 22 22 23 0 0 0 0 0 0 23 23 23 23 23 21 21 21 21 21 21 21 21 21 21 21 21 21 21 21 21 21 21 21 21 21 21 
23 21 21 21 21 21 21 21 21 21 23 23 23 21 0 0 0 0 0 0 21 23 23 23 0 0 0 0 0 0 0 10 10 10 10 0 0 0 0 0 0 0 0 0 0 23 23 23 23 23 23 0 0 0 0 0 0 0 0 0 0 22 22 21 21 21 21 21 21 0 0 0 0 0 0 21 22 26 25 21 21 21 21 21 21 21 21 21 21 23 23 23 23 23 23 23 23 0 0 0 0 0 23 23 23 23 21 21 21 21 21 21 25 26 21 21 21 21 21 21 21 21 21 21 21 21 21 21 
23 23 21 21 21 21 21 21 21 21 21 21 23 21 22 0 0 0 0 22 21 23 23 23 0 0 0 0 0 0 0 10 10 10 10 0 0 0 0 0 0 0 0 0 0 0 23 23 23 23 23 0 0 0 0 0 0 0 0 22 22 22 25 21 21 21 21 0 0 0 0 0 0 0 0 21 21 21 21 21 21 26 21 21 21 23 23 23 23 23 23 23 23 23 23 23 23 23 0 0 0 0 0 23 23 23 21 21 21 21 21 21 21 21 21 21 21 21 21 21 21 21 21 21 21 21 21 21 
23 23 23 21 21 21 21 21 21 21 21 21 21 21 21 22 22 22 22 21 23 23 23 23 0 0 0 0 0 0 0 10 10 10 10 0 0 0 0 0 0 0 0 0 0 0 0 23 23 23 23 23 0 0 0 0 0 22 22 22 21 21 21 21 21 0 0 0 0 0 0 0 0 21 21 21 21 21 23 23 23 23 23 23 23 23 23 23 23 23 23 23 23 23 23 23 23 23 23 0 0 0 0 0 23 23 23 21 21 21 21 21 21 21 21 21 21 21 21 21 21 21 21 21 21 21 21 21 
23 23 23 23 21 21 21 21 21 21 21 21 21 21 21 21 21 21 21 23 23 23 23 0 0 0 0 0 0 0 0 10 10 10 10 0 0 0 0 0 0 0 0 0 0 0 0 0 23 23 23 23 0 0 0 0 21 21 21 21 21 21 0 0 0 0 0 0 0 0 0 25 21 26 21 21 23 23 23 23 23 23 23 23 23 23 23 23 23 23 23 23 23 23 23 23 23 23 23 0 0 0 0 0 0 0 23 21 21 21 21 21 21 21 21 21 21 21 21 21 21 21 21 21 21 21 21 21 
23 23 23 23 21 21 21 21 21 21 21 21 21 21 21 21 23 23 23 23 23 23 23 0 0 0 0 0 0 0 0 10 10 10 10 0 0 0 0 0 0 0 0 0 0 0 0 0 23 23 23 23 25 0 0 26 21 21 21 21 0 0 0 0 0 0 0 0 0 21 21 21 21 21 23 23 23 23 23 23 23 0 0 0 0 0 0 0 0 23 23 23 23 23 23 23 23 23 23 23 0 0 0 0 0 0 0 21 21 21 21 21 21 21 21 21 21 21 21 21 21 21 21 21 21 21 21 21 
23 23 23 23 21 21 21 21 21 21 21 21 21 23 23 23 23 23 23 23 23 23 23 0 0 0 0 0 0 0 0 10 10 10 10 0 0 0 0 0 0 0 0 0 0 0 0 0 0 23 23 23 21 0 0 0 0 0 0 0 0 0 0 0 0 0 0 21 21 21 21 23 23 23 23 23 23 0 0 0 0 0 0 0 0 0 0 0 0 0 0 0 23 23 23 23 23 23 23 23 0 0 0 0 0 0 0 21 21 21 21 21 21 21 21 21 21 21 21 21 21 21 21 21 21 21 21 21 
23 23 23 23 21 21 21 21 21 21 21 21 23 23 23 23 23 23 23 23 23 23 0 0 0 0 0 0 0 0 0 10 10 10 10 0 0 0 0 0 0 0 0 0 0 0 0 0 0 23 23 23 21 21 0 0 0 0 0 0 0 0 0 0 0 0 26 21 26 21 23 23 23 23 0 0 0 0 0 0 0 0 0 0 0 0 0 0 0 0 0 0 0 23 23 23 23 23 23 23 23 0 0 0 0 0 0 21 21 21 26 21 21 21 21 21 21 21 21 21 21 21 21 21 21 21 21 21 
23 23 23 23 23 21 21 21 21 21 21 23 23 23 0 0 23 23 23 23 23 23 0 0 0 0 0 0 0 0 0 10 10 10 10 0 0 0 0 0 0 0 0 0 0 0 0 0 0 0 23 23 23 21 21 21 25 0 0 0 0 0 0 0 0 21 21 23 23 23 23 23 23 0 0 0 0 0 0 0 0 0 0 0 0 0 0 0 0 0 0 0 0 0 0 23 23 23 23 23 23 0 0 0 0 0 26 21 21 21 21 21 21 21 21 21 21 21 21 21 21 21 21 21 21 21 21 21 
23 23 23 23 23 21 21 21 21 21 23 23 23 0 0 0 0 0 23 23 23 0 0 0 0 0 0 0 0 0 0 10 10 10 10 0 0 0 0 0 0 0 0 0 0 0 0 0 0 0 23 23 23 23 23 23 23 23 23 23 23 0 0 23 23 23 23 23 23 23 23 0 0 0 0 0 0 0 0 0 0 0 0 0 0 0 0 0 0 0 0 0 0 0 0 0 0 23 23 23 23 23 0 0 0 0 23 23 23 23 23 23 21 21 21 21 26 21 21 21 21 21 21 21 21 21 21 21 
23 23 23 23 23 21 21 21 21 23 23 23 23 0 0 0 0 0 0 0 0 0 0 0 0 0 0 0 0 0 0 10 10 10 10 0 0 0 0 0 0 0 0 0 0 0 0 0 0 0 0 0 23 23 23 23 23 23 23 23 23 23 23 23 23 23 23 23 23 0 0 0 0 0 0 0 0 0 0 0 0 0 0 0 0 0 0 0 0 0 0 0 0 0 0 0 0 0 23 23 23 23 0 0 0 23 23 23 23 23 23 23 23 23 23 21 21 21 21 21 21 21 21 21 21 21 21 21 
23 23 23 23 23 21 21 21 21 23 23 23 23 0 0 0 0 0 0 0 0 0 0 0 0 0 0 0 0 0 0 10 10 10 10 0 0 0 0 0 0 0 0 0 0 0 0 0 0 0 0 0 0 0 23 23 23 23 23 23 23 23 23 23 23 23 23 0 0 0 0 0 0 0 0 0 0 0 0 0 0 0 0 0 0 0 0 0 0 0 0 0 0 0 0 0 0 0 23 23 23 23 23 23 23 23 23 23 23 23 23 23 23 23 23 23 23 21 21 21 21 21 21 21 21 21 21 21 
23 23 23 23 23 23 21 21 21 23 23 23 23 0 0 0 0 0 0 0 0 0 0 0 0 0 0 0 0 0 0 10 10 10 10 0 0 0 0 0 0 0 0 0 0 0 0 0 0 0 0 0 0 0 0 0 0 0 0 23 23 23 23 23 23 23 0 0 0 0 0 0 0 0 0 0 0 0 0 0 0 0 0 0 0 0 0 0 0 0 0 0 0 0 0 0 0 0 0 23 23 23 23 23 23 23 23 0 0 23 23 23 23 23 23 23 23 23 21 21 21 21 21 21 21 21 21 21 
23 23 23 23 23 23 21 21 21 21 23 23 23 0 0 0 0 0 0 0 0 0 0 0 0 0 0 0 0 0 0 10 10 10 10 0 0 0 0 0 0 0 0 0 0 0 0 0 0 0 0 0 0 0 0 0 0 0 0 0 0 0 0 0 0 0 0 0 0 0 0 0 0 0 0 0 0 0 0 0 0 0 0 0 0 0 0 0 0 0 0 0 0 0 0 0 0 0 0 0 23 23 23 23 23 23 0 0 0 0 23 23 23 23 23 23 23 23 23 23 21 21 21 21 21 21 21 21 
23 23 23 23 23 23 21 21 21 21 21 23 23 0 0 0 0 0 0 0 0 0 0 0 0 0 0 0 0 0 0 10 10 10 10 0 0 0 0 0 0 0 0 0 0 0 0 0 0 0 0 0 0 0 0 0 0 0 0 0 0 0 0 0 0 0 0 0 0 0 0 0 0 0 0 0 0 0 0 0 0 0 0 0 0 0 0 0 0 0 0 0 0 0 0 0 0 0 0 0 23 23 23 23 23 0 0 0 0 0 0 23 23 23 23 23 23 23 23 23 23 21 21 21 21 21 21 21 
23 23 23 23 23 21 21 21 21 21 21 23 23 0 0 0 0 0 0 0 0 0 0 0 0 0 0 0 0 0 0 10 10 10 10 0 0 0 0 0 0 0 0 0 0 0 0 0 0 0 0 0 0 0 0 0 0 0 0 0 0 0 0 0 0 0 0 0 0 0 0 0 0 0 0 0 0 0 0 0 0 0 0 0 0 0 0 0 0 0 0 0 0 0 0 0 0 0 0 0 0 23 23 23 0 0 0 0 0 0 0 23 23 23 23 23 23 23 23 23 23 23 23 23 23 21 21 23 
23 23 23 23 21 21 21 21 21 21 21 21 21 0 0 0 0 0 0 0 0 0 0 0 0 0 0 0 0 0 0 10 10 10 10 0 0 0 0 0 0 0 0 0 0 0 0 0 0 0 0 0 0 0 0 0 0 22 22 22 22 22 22 22 22 22 22 22 22 22 22 22 22 22 22 22 22 22 0 0 0 0 0 0 0 0 0 0 0 0 0 0 0 0 0 0 0 0 0 0 0 0 0 0 0 0 0 0 0 0 0 23 23 23 23 23 23 23 23 23 23 23 23 23 23 23 23 23 
23 23 23 21 21 21 21 21 21 21 21 21 21 21 0 0 0 0 0 0 0 0 0 0 0 0 0 0 0 0 0 10 10 10 10 0 0 0 0 0 0 0 0 0 0 0 0 0 0 0 0 0 0 0 0 0 22 21 21 21 22 22 22 22 22 22 22 22 22 21 21 21 21 21 21 21 21 21 22 0 0 0 0 0 0 0 0 0 0 0 0 0 0 0 0 0 0 0 0 0 0 0 0 0 0 0 0 0 0 0 0 23 23 23 23 23 23 23 23 23 23 23 23 23 23 23 23 23 
23 23 21 21 21 21 21 21 21 21 21 21 21 21 9 9 9 9 9 9 9 9 9 9 9 9 9 9 9 9 9 10 10 10 10 9 9 9 9 9 9 9 9 9 9 9 9 9 9 9 9 9 9 9 9 21 21 21 21 21 21 21 21 21 26 21 21 21 22 22 22 22 22 22 22 21 21 21 21 21 9 9 9 9 9 9 9 9 9 9 9 9 9 9 9 9 9 9 9 9 9 9 9 9 9 9 9 9 9 9 9 23 23 23 23 23 23 23 23 23 23 23 23 23 23 23 23 23 
23 21 21 21 21 21 21 21 21 21 21 21 21 21 10 10 10 10 10 10 10 10 10 10 10 10 10 10 10 10 10 10 10 10 10 10 10 10 10 10 10 10 10 10 10 10 10 10 10 10 10 10 10 10 21 21 21 22 21 21 21 21 21 21 21 21 21 21 21 21 21 21 21 21 21 21 21 21 21 21 10 10 10 10 10 10 10 10 10 10 10 10 10 10 10 10 10 10 10 10 10 10 10 10 10 10 10 10 10 10 10 23 23 23 23 23 23 23 23 23 23 23 23 23 23 23 23 23 
21 21 21 21 21 21 21 21 21 21 21 21 21 21 10 10 10 10 10 10 10 10 10 10 10 10 10 10 10 10 10 10 10 10 10 10 10 10 10 10 10 10 10 10 10 10 10 10 10 10 10 10 10 10 21 21 21 21 21 21 21 21 21 21 21 21 21 21 21 21 21 21 21 21 21 21 21 21 25 21 21 10 10 10 10 10 10 10 10 10 10 10 10 10 10 10 10 10 10 10 10 10 10 10 10 10 10 10 10 10 10 23 23 23 23 23 23 23 23 23 23 23 23 23 23 23 23 23 
21 21 21 21 21 21 21 21 21 21 21 21 21 21 10 10 10 10 10 10 10 10 10 10 10 10 10 10 10 10 10 10 10 10 10 10 10 10 10 10 10 10 10 10 10 10 10 10 10 10 10 10 10 21 21 21 21 21 21 21 25 21 21 21 21 21 21 21 21 25 26 21 21 21 21 21 21 21 21 21 21 21 10 10 10 10 10 10 10 10 10 10 10 10 10 10 10 10 10 10 10 10 10 10 10 10 10 10 10 10 10 23 23 23 23 23 23 23 23 23 23 23 23 23 23 23 23 23 
21 21 21 21 21 21 21 21 21 21 21 21 21 21 26 10 10 10 10 10 10 10 10 10 10 10 10 10 10 10 10 10 10 10 10 10 10 10 10 10 10 10 10 10 10 10 10 10 10 10 10 10 21 21 21 21 21 21 21 21 21 21 21 21 21 21 22 22 21 21 21 21 21 21 21 21 21 21 21 21 21 21 10 10 10 10 10 10 10 10 10 10 10 10 10 10 10 10 10 10 10 10 10 10 10 10 10 10 10 10 10 23 23 23 23 23 23 23 23 23 23 23 23 23 23 23 23 23 
21 21 21 21 21 21 21 21 21 21 21 21 21 21 21 10 10 10 10 10 10 10 10 10 10 10 10 10 10 10 10 10 10 10 10 10 10 10 10 10 10 10 10 10 10 10 10 10 10 10 10 10 21 21 21 21 26 21 21 21 21 21 21 21 21 22 22 22 22 21 21 21 21 21 21 21 21 26 21 21 21 21 21 10 10 10 10 10 10 10 10 10 10 10 10 10 10 10 10 10 10 10 10 10 10 10 10 10 10 10 10 23 23 23 23 23 23 23 23 23 23 23 23 23 23 23 23 23 
21 21 21 21 21 21 21 21 21 21 21 21 21 21 25 26 10 10 10 10 10 10 10 10 10 10 10 10 10 10 10 10 10 10 10 10 10 10 10 10 10 10 10 10 10 10 10 10 10 10 10 21 21 21 21 21 21 21 21 21 21 21 21 21 21 21 21 21 21 21 21 21 21 21 21 21 21 21 21 21 21 21 21 10 10 10 10 10 10 10 10 10 10 10 10 10 10 10 10 10 10 10 10 10 10 10 10 10 10 10 10 23 23 23 23 23 23 23 23 23 23 23 23 23 23 23 23 23 
21 21 21 21 21 21 21 21 21 21 21 21 21 21 25 21 10 10 10 10 10 10 10 10 10 10 10 10 10 10 10 10 10 10 10 10 10 10 10 10 10 10 10 10 10 10 10 10 10 10 10 21 21 21 21 21 22 22 22 21 21 21 21 21 21 21 21 21 21 26 21 21 21 21 22 22 22 21 21 21 21 21 21 21 10 10 10 10 10 10 10 10 10 10 10 10 10 10 10 10 10 10 10 10 10 10 10 10 10 10 10 23 23 23 23 23 23 23 23 23 23 23 23 23 23 23 23 23 
21 21 21 21 21 21 21 21 21 21 21 21 21 21 21 21 10 10 10 10 10 10 10 10 10 10 10 10 10 10 10 10 10 10 10 10 10 10 10 10 10 10 10 10 10 10 10 10 10 10 10 21 21 21 21 21 21 21 21 21 21 21 21 21 21 21 21 21 21 21 21 21 21 21 21 21 21 21 21 21 21 21 21 21 10 10 10 10 10 10 10 10 10 10 10 10 10 10 10 10 10 10 10 10 10 10 10 10 10 10 10 23 23 23 23 23 23 23 23 23 23 23 23 23 23 23 23 23 
21 21 21 21 21 21 21 21 21 21 21 21 21 21 21 21 21 10 10 10 10 10 10 10 10 10 10 10 10 10 10 10 10 10 10 10 10 10 10 10 10 10 10 10 10 10 10 10 10 10 21 21 26 21 21 21 21 25 26 21 21 21 21 21 21 21 21 21 21 21 21 21 21 21 25 21 21 21 21 21 21 21 21 21 21 10 10 10 10 10 10 10 10 10 10 10 10 10 10 10 10 10 10 10 10 10 10 10 10 10 10 23 23 23 23 23 23 23 23 23 23 23 23 23 23 23 23 23 
21 21 21 21 21 21 21 21 21 21 21 21 21 21 21 21 21 25 10 10 10 10 10 10 10 10 10 10 10 10 10 10 10 10 10 10 10 10 10 10 10 10 10 10 10 10 10 10 10 10 21 21 21 21 21 21 21 21 21 21 21 23 23 23 23 21 21 21 21 21 21 21 21 21 21 21 21 21 26 21 21 21 21 21 21 21 10 10 10 10 10 10 10 10 10 10 10 10 10 10 10 10 10 10 10 10 10 10 10 10 10 23 23 23 23 23 23 23 23 23 23 23 23 23 23 23 23 23 
21 21 21 21 21 21 21 21 21 21 21 21 22 22 22 22 22 22 10 10 10 10 10 10 10 10 10 10 10 10 10 10 10 10 10 10 10 10 10 10 10 10 10 10 10 10 10 10 10 10 21 21 21 21 21 21 21 21 21 21 23 23 23 23 23 23 23 23 23 21 21 21 21 21 21 21 21 21 21 21 21 21 21 21 21 21 10 10 10 10 10 10 10 10 10 10 10 10 10 10 10 10 10 10 10 10 10 10 10 10 23 23 23 23 23 23 23 23 23 23 23 23 23 23 23 23 23 23 
23 21 21 21 21 21 21 21 21 21 21 21 21 21 21 21 21 21 22 22 10 10 10 10 10 10 10 10 10 10 10 10 10 10 10 10 10 10 10 10 10 10 10 10 10 10 10 10 10 10 21 21 21 21 21 21 21 21 21 23 23 23 23 23 23 23 23 23 23 23 23 23 23 21 21 21 21 21 21 21 21 22 21 21 21 21 10 10 10 10 10 10 10 10 10 10 10 10 10 10 10 10 10 10 10 10 10 10 10 23 23 23 23 23 23 23 23 23 23 23 23 23 23 23 23 23 23 23 
23 23 21 21 21 21 21 21 21 21 21 21 21 21 21 21 21 21 21 21 21 10 10 10 10 10 10 10 10 10 21 26 21 10 10 10 10 10 10 10 10 10 10 10 10 10 10 10 10 21 21 21 21 21 21 21 21 21 23 23 23 23 23 23 23 23 23 23 23 23 23 23 23 23 23 23 21 21 21 21 21 21 21 21 21 21 21 10 10 10 10 10 10 10 10 10 10 10 10 10 10 10 10 10 10 10 10 10 23 23 23 23 23 23 23 23 23 23 23 23 23 23 23 23 23 23 23 23 
23 23 23 21 21 21 21 21 21 21 21 21 21 21 21 21 21 21 21 21 21 21 10 10 10 10 10 10 10 10 21 21 21 21 10 10 10 10 10 10 10 10 10 10 10 10 10 10 10 22 22 22 21 21 21 21 21 23 23 23 23 23 23 23 23 23 23 23 23 23 23 23 23 23 23 23 23 23 23 21 21 21 21 21 21 22 21 21 10 10 10 10 10 10 10 10 10 10 10 10 10 10 10 10 10 10 21 21 21 23 23 23 23 23 23 23 23 23 23 23 23 23 23 23 23 23 23 23 
23 23 23 23 23 21 21 21 21 21 21 21 22 26 21 21 21 21 21 22 21 21 21 10 10 10 10 10 10 10 21 21 21 21 21 10 10 10 10 10 10 10 10 10 10 10 10 10 10 21 21 21 21 21 21 21 21 23 23 23 23 23 23 23 23 23 23 23 23 23 23 23 23 23 23 23 23 23 23 23 23 21 21 21 21 21 21 21 21 21 21 21 21 10 10 10 10 10 10 10 10 10 10 10 10 21 21 21 21 21 21 23 23 23 23 23 23 23 23 23 23 23 23 23 23 23 23 23 
23 23 23 23 23 23 23 21 21 21 21 21 21 21 21 21 21 21 21 21 21 21 21 21 21 21 21 21 21 21 21 21 21 21 21 22 10 10 10 10 10 10 10 10 10 10 10 21 21 21 21 21 21 21 21 23 23 23 23 23 23 23 23 23 23 23 23 23 23 23 23 23 23 23 23 23 23 23 23 23 23 23 23 21 21 21 21 21 21 21 21 21 21 21 21 21 21 21 21 21 21 21 21 21 21 21 21 21 21 21 21 21 21 21 23 23 23 23 23 23 23 23 23 23 23 23 23 23 
23 23 23 23 23 23 23 23 21 21 21 21 21 21 21 21 21 21 21 21 21 21 21 21 21 21 21 21 21 21 21 21 21 21 21 21 21 21 21 21 21 21 21 21 21 21 21 21 21 21 21 21 21 21 23 23 23 23 23 23 23 23 23 23 23 23 23 23 23 23 23 23 23 23 23 23 23 23 23 23 23 23 23 21 21 21 21 21 21 21 21 21 21 21 21 21 21 21 21 21 21 21 21 21 21 21 21 21 21 21 21 21 21 21 21 23 23 23 23 23 23 23 23 23 23 23 23 23 
23 23 23 23 23 23 23 23 23 21 21 21 21 21 21 21 21 21 21 21 21 21 21 21 21 21 21 21 21 21 21 21 21 21 21 21 21 21 21 21 21 21 21 21 21 21 21 21 21 21 21 21 21 21 23 23 23 23 23 23 23 23 23 23 23 23 23 23 23 23 23 23 23 23 23 23 23 23 23 23 23 23 23 23 21 21 21 21 21 21 21 21 21 21 21 21 21 21 21 21 21 21 21 21 21 21 21 21 21 21 21 21 21 21 23 23 23 23 23 23 23 23 23 23 23 23 23 23 
23 23 23 23 23 23 23 23 23 23 23 21 21 21 21 21 21 21 21 21 23 23 23 23 21 21 21 21 21 21 21 21 21 21 21 21 21 21 21 21 21 21 21 21 21 21 21 21 21 21 21 21 23 23 23 23 23 23 23 23 23 23 23 23 23 23 23 23 23 23 23 23 23 23 23 23 23 23 23 23 23 23 23 23 23 23 21 21 21 21 21 21 21 21 21 21 21 21 21 21 21 21 21 21 21 21 21 21 21 21 21 21 21 23 23 23 23 23 23 23 23 23 23 23 23 23 23 23 
23 23 23 23 23 23 23 23 23 23 23 23 23 23 23 23 23 23 23 23 23 23 23 23 23 23 21 21 21 21 21 21 21 21 21 21 21 21 21 21 21 21 21 21 21 21 21 21 21 21 21 23 23 23 23 23 23 23 23 23 23 23 23 23 23 23 23 23 23 23 23 23 23 23 23 23 23 23 23 23 23 23 23 23 23 23 23 23 21 21 21 21 21 21 21 21 21 21 21 21 21 21 21 21 21 21 21 21 21 21 21 21 21 23 23 23 23 23 23 23 23 23 23 23 23 23 23 23 
23 23 23 23 23 23 23 23 23 23 23 23 23 23 23 23 23 23 23 23 23 23 23 23 23 23 23 23 23 23 21 21 21 21 21 21 21 21 21 21 21 21 21 21 21 21 21 21 21 23 23 23 23 23 23 23 23 23 23 23 23 23 23 23 23 23 23 23 23 23 23 23 23 23 23 23 23 23 23 23 23 23 23 23 23 23 23 23 23 23 21 21 21 21 21 21 21 21 21 21 23 23 23 23 23 23 23 23 23 23 23 23 23 23 23 23 23 23 23 23 23 23 23 23 23 23 23 23 
23 23 23 23 23 23 23 23 23 23 23 23 23 23 23 23 23 23 23 23 23 23 23 23 23 23 23 23 23 23 23 23 23 23 23 23 23 23 23 23 23 23 23 21 21 21 21 23 23 23 23 23 23 23 23 23 23 23 23 23 23 23 23 23 23 23 23 23 23 23 23 23 23 23 23 23 23 23 23 23 23 23 23 23 23 23 23 23 23 23 23 23 23 23 23 23 23 23 23 23 23 23 23 23 23 23 23 23 23 23 23 23 23 23 23 23 23 23 23 23 23 23 23 23 23 23 23 23 
23 23 23 23 23 23 23 23 23 23 23 23 23 23 23 23 23 23 23 23 23 23 23 23 23 23 23 23 23 23 23 23 23 23 23 23 23 23 23 23 23 23 23 23 23 23 23 23 23 23 23 23 23 23 23 23 23 23 23 23 23 23 23 23 23 23 23 23 23 23 23 23 23 23 23 23 23 23 23 23 23 23 23 23 23 23 23 23 23 23 23 23 23 23 23 23 23 23 23 23 23 23 23 23 23 23 23 23 23 23 23 23 23 23 23 23 23 23 23 23 23 23 23 23 23 23 23 23 
23 23 23 23 23 23 23 23 23 23 23 23 23 23 23 23 23 23 23 23 23 23 23 23 23 23 23 23 23 23 23 23 23 23 23 23 23 23 23 23 23 23 23 23 23 23 23 23 23 23 23 23 23 23 23 23 23 23 23 23 23 23 23 23 23 23 23 23 23 23 23 23 23 23 23 23 23 23 23 23 23 23 23 23 23 23 23 23 23 23 23 23 23 23 23 23 23 23 23 23 23 23 23 23 23 23 23 23 23 23 23 23 23 23 23 23 23 23 23 23 23 23 23 23 23 23 23 23 
